-1.19397e+06
-990020
-909073
-861547
-833041
-812090
-800649
-793622
-792040
-794880
-797552
-802420
-806120
-812625
-820153
-827621
-836262
-844486
-854138
-859471
-867436
-875651
-884306
-892890
-902324
-909257
-916575
-924758
-933136
-942952
-951848
-959227
-967263
-975561
-984466
-991953
-1.00079e+06
-1.00916e+06
-1.01678e+06
-1.02766e+06
-1.03674e+06
-1.04579e+06
-1.05206e+06
-1.06065e+06
-1.06923e+06
-1.0771e+06
-1.08334e+06
-1.09015e+06
-1.09856e+06
-1.10696e+06
-1.11825e+06
-1.12725e+06
-1.13434e+06
-1.14279e+06
-1.15327e+06
-1.15968e+06
-1.16903e+06
-1.17684e+06
-1.18626e+06
-1.19436e+06
-1.20364e+06
-1.21185e+06
-1.22031e+06
-1.22912e+06
-1.23677e+06
-1.24552e+06
-1.25416e+06
-1.26235e+06
-1.27035e+06
-1.27875e+06
-1.28819e+06
-1.2964e+06
-1.30455e+06
-1.31261e+06
-1.32218e+06
-1.32828e+06
-1.33849e+06
-1.34681e+06
-1.35653e+06
-1.3647e+06
-1.37566e+06
-1.38632e+06
-1.39364e+06
-1.4012e+06
-1.40815e+06
-1.41502e+06
-1.42329e+06
-1.43093e+06
-1.4403e+06
-1.44825e+06
-1.45809e+06
-1.4672e+06
-1.47404e+06
-1.48204e+06
-1.49153e+06
-1.49813e+06
-1.50645e+06
-1.51411e+06
-1.52278e+06
-1.53033e+06
-1.53698e+06
-1.5442e+06
-1.55432e+06
-1.56242e+06
-1.57087e+06
-1.57844e+06
-1.58481e+06
-1.5944e+06
-1.60349e+06
-1.61006e+06
-1.61929e+06
-1.62651e+06
-1.63574e+06
-1.64387e+06
-1.64919e+06
-1.65581e+06
-1.66515e+06
-1.67204e+06
-1.68017e+06
-1.68905e+06
-1.69596e+06
-1.70329e+06
-1.71114e+06
-1.7178e+06
-1.72255e+06
-1.73064e+06
-1.73853e+06
-1.74691e+06
-1.75296e+06
-1.76122e+06
-1.7674e+06
-1.77303e+06
-1.78147e+06
-1.78945e+06
-1.79832e+06
-1.80534e+06
-1.81195e+06
-1.81934e+06
-1.82502e+06
-1.83288e+06
-1.84144e+06
-1.84832e+06
-1.85394e+06
-1.86108e+06
-1.86761e+06
-1.87441e+06
-1.88167e+06
-1.89011e+06
-1.89593e+06
-1.90493e+06
-1.90907e+06
-1.91876e+06
-1.92424e+06
-1.93116e+06
-1.93751e+06
-1.94477e+06
-1.95212e+06
-1.95796e+06
-1.96621e+06
-1.97056e+06
-1.97635e+06
-1.9831e+06
-1.98764e+06
-1.99416e+06
-2.00115e+06
-2.00784e+06
-2.01335e+06
-2.01857e+06
-2.02608e+06
-2.03198e+06
-2.03839e+06
-2.04401e+06
-2.05056e+06
-2.0523e+06
-2.05571e+06
-2.06262e+06
-2.06769e+06
-2.0726e+06
-2.08052e+06
-2.08554e+06
-2.09134e+06
-2.09631e+06
-2.10112e+06
-2.10825e+06
-2.11353e+06
-2.11766e+06
-2.12132e+06
-2.12745e+06
-2.13433e+06
-2.13813e+06
-2.1425e+06
-2.14914e+06
-2.15266e+06
-2.15594e+06
-2.16189e+06
-2.16663e+06
-2.17192e+06
-2.17631e+06
-2.18206e+06
-2.1866e+06
-2.19053e+06
-2.19525e+06
-2.19914e+06
-2.20214e+06
-2.20685e+06
-2.20997e+06
-2.21291e+06
-2.21771e+06
-2.22334e+06
-2.22926e+06
-2.23112e+06
-2.23465e+06
-2.23886e+06
-2.24223e+06
-2.24555e+06
-2.24941e+06
-2.25225e+06
-2.25676e+06
-2.25892e+06
-2.26292e+06
-2.26675e+06
-2.27045e+06
-2.2729e+06
-2.27645e+06
-2.27957e+06
-2.28299e+06
-2.28618e+06
-2.29006e+06
-2.29319e+06
-2.29551e+06
-2.29865e+06
-2.3018e+06
-2.30379e+06
-2.30616e+06
-2.30769e+06
-2.31191e+06
-2.31467e+06
-2.31585e+06
-2.31799e+06
-2.32054e+06
-2.32413e+06
-2.326e+06
-2.32879e+06
-2.33264e+06
-2.33375e+06
-2.33726e+06
-2.34069e+06
-2.34271e+06
-2.34499e+06
-2.34788e+06
-2.35021e+06
-2.35243e+06
-2.35292e+06
-2.3562e+06
-2.35879e+06
-2.36082e+06
-2.36262e+06
-2.36477e+06
-2.36655e+06
-2.36766e+06
-2.37112e+06
-2.37188e+06
-2.37603e+06
-2.37709e+06
-2.37742e+06
-2.37797e+06
-2.38104e+06
-2.38345e+06
-2.38454e+06
-2.38689e+06
-2.39097e+06
-2.39193e+06
-2.39466e+06
-2.39651e+06
-2.39859e+06
-2.40087e+06
-2.40024e+06
-2.40283e+06
-2.40226e+06
-2.40675e+06
-2.40755e+06
-2.4106e+06
-2.41244e+06
-2.41421e+06
-2.41507e+06
-2.41696e+06
-2.4168e+06
-2.41937e+06
-2.42236e+06
-2.42344e+06
-2.42519e+06
-2.42541e+06
-2.42593e+06
-2.42984e+06
-2.4316e+06
-2.43325e+06
-2.43475e+06
-2.43629e+06
-2.43743e+06
-2.43896e+06
-2.4402e+06
-2.4421e+06
-2.44291e+06
-2.44272e+06
-2.44567e+06
-2.44547e+06
-2.44725e+06
-2.44713e+06
-2.44866e+06
-2.44956e+06
-2.45071e+06
-2.45286e+06
-2.45416e+06
-2.45538e+06
-2.45777e+06
-2.45816e+06
-2.45969e+06
-2.45954e+06
-2.46089e+06
-2.46225e+06
-2.46196e+06
-2.46585e+06
-2.46625e+06
-2.46684e+06
-2.46735e+06
-2.46883e+06
-2.46945e+06
-2.46981e+06
-2.47139e+06
-2.47255e+06
-2.47534e+06
-2.47665e+06
-2.4771e+06
-2.47697e+06
-2.47821e+06
-2.47913e+06
-2.47968e+06
-2.48094e+06
-2.48112e+06
-2.48166e+06
-2.48378e+06
-2.48412e+06
-2.48542e+06
-2.48478e+06
-2.48656e+06
-2.48669e+06
-2.48879e+06
-2.48988e+06
-2.49103e+06
-2.49351e+06
-2.49325e+06
-2.49364e+06
-2.49546e+06
-2.49558e+06
-2.4979e+06
-2.4976e+06
-2.4981e+06
-2.49795e+06
-2.49975e+06
-2.50129e+06
-2.50276e+06
-2.50203e+06
-2.50216e+06
-2.5024e+06
-2.50319e+06
-2.50419e+06
-2.50534e+06
-2.50531e+06
-2.50574e+06
-2.50671e+06
-2.50629e+06
-2.50619e+06
-2.50818e+06
-2.50909e+06
-2.51071e+06
-2.51124e+06
-2.50949e+06
-2.51202e+06
-2.51123e+06
-2.51118e+06
-2.51126e+06
-2.51224e+06
-2.51372e+06
-2.51428e+06
-2.51418e+06
-2.51541e+06
-2.51614e+06
-2.51811e+06
-2.51841e+06
-2.51806e+06
-2.51785e+06
-2.51689e+06
-2.51783e+06
-2.5182e+06
-2.51894e+06
-2.5195e+06
-2.51936e+06
-2.51957e+06
-2.52059e+06
-2.52232e+06
-2.52245e+06
-2.52298e+06
-2.52341e+06
-2.52364e+06
-2.52417e+06
-2.5235e+06
-2.52437e+06
-2.52461e+06
-2.52487e+06
-2.52505e+06
-2.52583e+06
-2.52669e+06
-2.5281e+06
-2.52825e+06
-2.52842e+06
-2.52879e+06
-2.52932e+06
-2.52892e+06
-2.53071e+06
-2.5298e+06
-2.53042e+06
-2.53088e+06
-2.5303e+06
-2.53196e+06
-2.53346e+06
-2.53336e+06
-2.53347e+06
-2.53454e+06
-2.53435e+06
-2.53428e+06
-2.53347e+06
-2.53577e+06
-2.53496e+06
-2.53622e+06
-2.53673e+06
-2.53861e+06
-2.53688e+06
-2.53838e+06
-2.53884e+06
-2.53908e+06
-2.53921e+06
-2.54015e+06
-2.54161e+06
-2.5416e+06
-2.54212e+06
-2.54171e+06
-2.54279e+06
-2.54464e+06
-2.5454e+06
-2.54474e+06
-2.54429e+06
-2.54425e+06
-2.5445e+06
-2.54581e+06
-2.5457e+06
-2.54672e+06
-2.54667e+06
-2.54807e+06
-2.54782e+06
-2.54763e+06
-2.54894e+06
-2.54885e+06
-2.54764e+06
-2.54728e+06
-2.54776e+06
-2.5492e+06
-2.55057e+06
-2.54915e+06
-2.54984e+06
-2.54991e+06
-2.55008e+06
-2.55026e+06
-2.55044e+06
-2.5513e+06
-2.55185e+06
-2.55153e+06
-2.55261e+06
-2.55325e+06
-2.55255e+06
-2.55166e+06
-2.55227e+06
-2.55435e+06
-2.55435e+06
-2.55514e+06
-2.55447e+06
-2.55556e+06
-2.55584e+06
-2.55512e+06
-2.55506e+06
-2.55335e+06
-2.55433e+06
-2.55392e+06
-2.55491e+06
-2.55534e+06
-2.55665e+06
-2.55635e+06
-2.55452e+06
-2.55536e+06
-2.55629e+06
-2.55588e+06
-2.55732e+06
-2.55802e+06
-2.5582e+06
-2.55864e+06
-2.55852e+06
-2.55924e+06
-2.55899e+06
-2.56012e+06
-2.55977e+06
-2.55997e+06
-2.55885e+06
-2.55978e+06
-2.56103e+06
-2.56206e+06
-2.56024e+06
-2.56019e+06
-2.56043e+06
-2.56051e+06
-2.56103e+06
-2.5608e+06
-2.56207e+06
-2.56167e+06
-2.56055e+06
-2.56133e+06
-2.56256e+06
-2.5631e+06
-2.56426e+06
-2.56346e+06
-2.56355e+06
-2.56335e+06
-2.56414e+06
-2.56502e+06
-2.56441e+06
-2.56401e+06
-2.56426e+06
-2.56601e+06
-2.56488e+06
-2.5659e+06
-2.56579e+06
-2.56503e+06
-2.56732e+06
-2.56767e+06
-2.5668e+06
-2.56649e+06
-2.56642e+06
-2.56676e+06
-2.56626e+06
-2.56668e+06
-2.56652e+06
-2.56721e+06
-2.56584e+06
-2.56696e+06
-2.56736e+06
-2.56719e+06
-2.56749e+06
-2.56926e+06
-2.56676e+06
-2.56749e+06
-2.56725e+06
-2.56913e+06
-2.569e+06
-2.56857e+06
-2.5675e+06
-2.5684e+06
-2.56949e+06
-2.56933e+06
-2.56969e+06
-2.5707e+06
-2.57146e+06
-2.57112e+06
-2.57161e+06
-2.57087e+06
-2.57132e+06
-2.57167e+06
-2.57057e+06
-2.57014e+06
-2.57057e+06
-2.57108e+06
-2.57278e+06
-2.57146e+06
-2.57153e+06
-2.57186e+06
-2.57066e+06
-2.57212e+06
-2.57185e+06
-2.57166e+06
-2.57315e+06
-2.5728e+06
-2.57267e+06
-2.57355e+06
-2.57245e+06
-2.57251e+06
-2.57219e+06
-2.572e+06
-2.5734e+06
-2.57379e+06
-2.5728e+06
-2.57373e+06
-2.57482e+06
-2.57443e+06
-2.5746e+06
-2.57456e+06
-2.57347e+06
-2.57466e+06
-2.57392e+06
-2.57484e+06
-2.57492e+06
-2.57525e+06
-2.57595e+06
-2.57649e+06
-2.57476e+06
-2.57583e+06
-2.5762e+06
-2.57692e+06
-2.57659e+06
-2.5773e+06
-2.57735e+06
-2.57768e+06
-2.57746e+06
-2.57769e+06
-2.57874e+06
-2.57858e+06
-2.58089e+06
-2.57969e+06
-2.57949e+06
-2.57929e+06
-2.57936e+06
-2.5792e+06
-2.57865e+06
-2.57771e+06
-2.57975e+06
-2.5778e+06
-2.57939e+06
-2.57886e+06
-2.57997e+06
-2.57928e+06
-2.57964e+06
-2.57992e+06
-2.58069e+06
-2.58043e+06
-2.58067e+06
-2.5785e+06
-2.57942e+06
-2.58171e+06
-2.58183e+06
-2.5809e+06
-2.58049e+06
-2.5797e+06
-2.57979e+06
-2.58132e+06
-2.58194e+06
-2.58232e+06
-2.58285e+06
-2.58227e+06
-2.58366e+06
-2.5822e+06
-2.58278e+06
-2.58213e+06
-2.58339e+06
-2.5834e+06
-2.58271e+06
-2.58281e+06
-2.58176e+06
-2.58311e+06
-2.58262e+06
-2.58432e+06
-2.58432e+06
-2.58393e+06
-2.58346e+06
-2.58362e+06
-2.58466e+06
-2.58395e+06
-2.58348e+06
-2.58173e+06
-2.58257e+06
-2.58297e+06
-2.58191e+06
-2.58388e+06
-2.5836e+06
-2.58348e+06
-2.58211e+06
-2.58359e+06
-2.58389e+06
-2.58364e+06
-2.584e+06
-2.5844e+06
-2.58427e+06
-2.58374e+06
-2.58559e+06
-2.58595e+06
-2.58543e+06
-2.58546e+06
-2.58564e+06
-2.58572e+06
-2.58635e+06
-2.5873e+06
-2.58619e+06
-2.58775e+06
-2.5873e+06
-2.58711e+06
-2.58753e+06
-2.58744e+06
-2.58747e+06
-2.58669e+06
-2.58553e+06
-2.58642e+06
-2.58633e+06
-2.58718e+06
-2.58649e+06
-2.58677e+06
-2.58558e+06
-2.58715e+06
-2.58783e+06
-2.58778e+06
-2.58867e+06
-2.58825e+06
-2.58855e+06
-2.58881e+06
-2.58909e+06
-2.58909e+06
-2.5892e+06
-2.58864e+06
-2.58832e+06
-2.58835e+06
-2.58883e+06
-2.58739e+06
-2.58845e+06
-2.58922e+06
-2.5905e+06
-2.59063e+06
-2.59031e+06
-2.59041e+06
-2.58954e+06
-2.59046e+06
-2.59093e+06
-2.59115e+06
-2.59032e+06
-2.591e+06
-2.59152e+06
-2.59078e+06
-2.59068e+06
-2.59182e+06
-2.59117e+06
-2.59243e+06
-2.59233e+06
-2.59224e+06
-2.59101e+06
-2.5913e+06
-2.5918e+06
-2.59271e+06
-2.59188e+06
-2.59222e+06
-2.59327e+06
-2.59359e+06
-2.59316e+06
-2.59302e+06
-2.59339e+06
-2.59494e+06
-2.59487e+06
-2.59384e+06
-2.59334e+06
-2.59274e+06
-2.59284e+06
-2.59333e+06
-2.59374e+06
-2.5929e+06
-2.59345e+06
-2.59133e+06
-2.59201e+06
-2.59428e+06
-2.59321e+06
-2.59243e+06
-2.59259e+06
-2.5918e+06
-2.59087e+06
-2.59132e+06
-2.5914e+06
-2.59196e+06
-2.59233e+06
-2.59218e+06
-2.5916e+06
-2.59168e+06
-2.59375e+06
-2.59263e+06
-2.59194e+06
-2.59249e+06
-2.59201e+06
-2.59338e+06
-2.59292e+06
-2.5924e+06
-2.59249e+06
-2.59262e+06
-2.59285e+06
-2.59302e+06
-2.59398e+06
-2.59249e+06
-2.59345e+06
-2.59466e+06
-2.59307e+06
-2.59306e+06
-2.59264e+06
-2.59322e+06
-2.59319e+06
-2.59371e+06
-2.59355e+06
-2.59312e+06
-2.59346e+06
-2.59447e+06
-2.59466e+06
-2.59429e+06
-2.59455e+06
-2.5942e+06
-2.59405e+06
-2.5949e+06
-2.59494e+06
-2.59463e+06
-2.59529e+06
-2.59579e+06
-2.59578e+06
-2.59554e+06
-2.59427e+06
-2.59493e+06
-2.59495e+06
-2.59473e+06
-2.59446e+06
-2.59482e+06
-2.59434e+06
-2.59411e+06
-2.59273e+06
-2.59367e+06
-2.59406e+06
-2.59398e+06
-2.59452e+06
-2.59508e+06
-2.59477e+06
-2.5969e+06
-2.59648e+06
-2.59673e+06
-2.59615e+06
-2.59614e+06
-2.59592e+06
-2.59468e+06
-2.59448e+06
-2.59395e+06
-2.59416e+06
-2.59383e+06
-2.5942e+06
-2.59415e+06
-2.59317e+06
-2.593e+06
-2.59385e+06
-2.59267e+06
-2.59278e+06
-2.59244e+06
-2.59248e+06
-2.59394e+06
-2.59488e+06
-2.59485e+06
-2.59587e+06
-2.59331e+06
-2.59426e+06
-2.59478e+06
-2.59418e+06
-2.59428e+06
-2.5947e+06
-2.59523e+06
-2.59436e+06
-2.59503e+06
-2.59608e+06
-2.59475e+06
-2.59448e+06
-2.59484e+06
-2.59517e+06
-2.59438e+06
-2.59461e+06
-2.59413e+06
-2.59489e+06
-2.5954e+06
-2.59499e+06
-2.59484e+06
-2.59434e+06
-2.59396e+06
-2.59468e+06
-2.59567e+06
-2.59506e+06
-2.59472e+06
-2.59462e+06
-2.59477e+06
-2.59409e+06
-2.59412e+06
-2.59554e+06
-2.59466e+06
-2.59568e+06
-2.59521e+06
-2.59503e+06
-2.59628e+06
-2.5943e+06
-2.59566e+06
-2.59511e+06
-2.59621e+06
-2.59598e+06
-2.59455e+06
-2.59554e+06
-2.5955e+06
-2.5953e+06
-2.59478e+06
-2.59615e+06
-2.59542e+06
-2.59564e+06
-2.59699e+06
-2.59688e+06
-2.59536e+06
-2.59608e+06
-2.59685e+06
-2.59748e+06
-2.59718e+06
-2.5971e+06
-2.59664e+06
-2.59624e+06
-2.59734e+06
-2.59688e+06
-2.59619e+06
-2.59512e+06
-2.59523e+06
-2.59637e+06
-2.59643e+06
-2.5971e+06
-2.59617e+06
-2.59733e+06
-2.59754e+06
-2.59901e+06
-2.5969e+06
-2.59859e+06
-2.59759e+06
-2.5973e+06
-2.59631e+06
-2.5969e+06
-2.59608e+06
-2.59724e+06
-2.59689e+06
-2.59744e+06
-2.59712e+06
-2.59834e+06
-2.59842e+06
-2.59837e+06
-2.59801e+06
-2.59762e+06
-2.5984e+06
-2.59784e+06
-2.59725e+06
-2.59794e+06
-2.59823e+06
-2.5979e+06
-2.59807e+06
-2.59739e+06
-2.59786e+06
-2.59849e+06
-2.59757e+06
-2.59772e+06
-2.59798e+06
-2.59799e+06
-2.5978e+06
-2.59729e+06
-2.59802e+06
-2.59871e+06
-2.59822e+06
-2.59784e+06
-2.59726e+06
-2.59804e+06
-2.59751e+06
-2.59798e+06
-2.59797e+06
-2.59929e+06
-2.59783e+06
-2.59776e+06
-2.59951e+06
-2.5989e+06
-2.59892e+06
-2.59881e+06
-2.59945e+06
-2.59979e+06
-2.59972e+06
-2.59893e+06
-2.59921e+06
-2.59903e+06
-2.59891e+06
-2.59948e+06
-2.59838e+06
-2.59837e+06
-2.5973e+06
-2.59888e+06
-2.59764e+06
-2.59818e+06
-2.59826e+06
-2.59801e+06
-2.59691e+06
-2.59945e+06
-2.59786e+06
-2.5999e+06
-2.59856e+06
-2.59749e+06
-2.59745e+06
-2.59727e+06
-2.5981e+06
-2.59862e+06
-2.59795e+06
-2.59811e+06
-2.59745e+06
-2.59813e+06
-2.59749e+06
-2.59763e+06
-2.59792e+06
-2.59732e+06
-2.59784e+06
-2.59768e+06
-2.59744e+06
-2.59789e+06
-2.59687e+06
-2.59672e+06
-2.59766e+06
-2.59857e+06
-2.59855e+06
-2.59755e+06
-2.59591e+06
-2.59762e+06
-2.59793e+06
-2.59782e+06
-2.59851e+06
-2.59981e+06
-2.59866e+06
-2.59924e+06
-2.59836e+06
-2.59781e+06
-2.59694e+06
-2.59805e+06
-2.59839e+06
-2.59893e+06
-2.59915e+06
-2.60004e+06
-2.59811e+06
-2.59839e+06
-2.59771e+06
-2.59698e+06
-2.59804e+06
-2.59804e+06
-2.5985e+06
-2.59942e+06
-2.59981e+06
-2.59992e+06
-2.59921e+06
-2.59992e+06
-2.59885e+06
-2.59903e+06
-2.59986e+06
-2.59971e+06
-2.59956e+06
-2.59944e+06
-2.59969e+06
-2.5998e+06
-2.60023e+06
-2.59912e+06
-2.60089e+06
-2.60132e+06
-2.60105e+06
-2.60004e+06
-2.60182e+06
-2.60109e+06
-2.6011e+06
-2.60212e+06
-2.60282e+06
-2.60164e+06
-2.60092e+06
-2.60161e+06
-2.60083e+06
-2.60146e+06
-2.60015e+06
-2.60114e+06
-2.60205e+06
-2.60138e+06
-2.60164e+06
-2.6016e+06
-2.60095e+06
-2.60126e+06
-2.60139e+06
-2.60042e+06
-2.60233e+06
-2.60161e+06
-2.60143e+06
-2.60108e+06
-2.60194e+06
-2.59986e+06
-2.60109e+06
-2.5993e+06
-2.60189e+06
-2.6009e+06
-2.5999e+06
-2.59957e+06
-2.60029e+06
-2.6004e+06
-2.60033e+06
-2.60044e+06
-2.60134e+06
-2.60142e+06
-2.60164e+06
-2.60023e+06
-2.60043e+06
-2.60063e+06
-2.59999e+06
-2.60037e+06
-2.60062e+06
-2.60062e+06
-2.601e+06
-2.59985e+06
-2.59988e+06
-2.60122e+06
-2.60007e+06
-2.60052e+06
-2.6e+06
-2.60068e+06
-2.60036e+06
-2.60123e+06
-2.60129e+06
-2.60209e+06
-2.6018e+06
-2.60104e+06
-2.60059e+06
-2.59995e+06
-2.60084e+06
-2.60027e+06
-2.60037e+06
-2.59996e+06
-2.59982e+06
-2.60017e+06
-2.60022e+06
-2.59977e+06
-2.59969e+06
-2.59991e+06
-2.5995e+06
-2.60093e+06
-2.60107e+06
-2.60222e+06
-2.59993e+06
-2.60047e+06
-2.60215e+06
-2.60192e+06
-2.60039e+06
-2.60088e+06
-2.60012e+06
-2.59937e+06
-2.59938e+06
-2.60076e+06
-2.60075e+06
-2.60079e+06
-2.60123e+06
-2.60002e+06
-2.59928e+06
-2.60029e+06
-2.60111e+06
-2.60181e+06
-2.60237e+06
-2.60338e+06
-2.6019e+06
-2.60372e+06
-2.602e+06
-2.60334e+06
-2.60288e+06
-2.60185e+06
-2.6009e+06
-2.60073e+06
-2.60081e+06
-2.60145e+06
-2.60156e+06
-2.6018e+06
-2.60186e+06
-2.60131e+06
-2.60146e+06
-2.6015e+06
-2.60269e+06
-2.60245e+06
-2.60174e+06
-2.60177e+06
-2.60187e+06
-2.60077e+06
-2.60031e+06
-2.602e+06
-2.60107e+06
-2.60118e+06
-2.60098e+06
-2.60106e+06
-2.60028e+06
-2.60076e+06
-2.60008e+06
-2.60018e+06
-2.60079e+06
-2.60024e+06
-2.60102e+06
-2.60013e+06
-2.60031e+06
-2.59986e+06
-2.60082e+06
-2.60128e+06
-2.60086e+06
-2.6009e+06
-2.60142e+06
-2.60108e+06
-2.6011e+06
-2.60155e+06
-2.60223e+06
-2.6012e+06
-2.60082e+06
-2.60227e+06
-2.6014e+06
-2.60167e+06
-2.60193e+06
-2.60118e+06
-2.60072e+06
-2.60042e+06
-2.60067e+06
-2.6008e+06
-2.59971e+06
-2.60115e+06
-2.60144e+06
-2.60056e+06
-2.60109e+06
-2.60152e+06
-2.60175e+06
-2.59988e+06
-2.59985e+06
-2.60036e+06
-2.60035e+06
-2.60132e+06
-2.60194e+06
-2.60068e+06
-2.60099e+06
-2.60223e+06
-2.60204e+06
-2.60183e+06
-2.60274e+06
-2.60252e+06
-2.60314e+06
-2.60125e+06
-2.60197e+06
-2.60176e+06
-2.60274e+06
-2.60207e+06
-2.60165e+06
-2.60232e+06
-2.60316e+06
-2.60183e+06
-2.60162e+06
-2.6023e+06
-2.60291e+06
-2.60334e+06
-2.60301e+06
-2.60343e+06
-2.60254e+06
-2.60247e+06
-2.60183e+06
-2.6025e+06
-2.60193e+06
-2.60227e+06
-2.60179e+06
-2.60041e+06
-2.60083e+06
-2.60178e+06
-2.60265e+06
-2.6024e+06
-2.60113e+06
-2.60259e+06
-2.6021e+06
-2.60207e+06
-2.6016e+06
-2.60178e+06
-2.60086e+06
-2.60178e+06
-2.59988e+06
-2.60048e+06
-2.60087e+06
-2.60028e+06
-2.60106e+06
-2.60089e+06
-2.60117e+06
-2.60058e+06
-2.60134e+06
-2.60248e+06
-2.60186e+06
-2.60036e+06
-2.60142e+06
-2.60109e+06
-2.60052e+06
-2.60093e+06
-2.60213e+06
-2.60277e+06
-2.6022e+06
-2.60331e+06
-2.60224e+06
-2.60148e+06
-2.60135e+06
-2.60268e+06
-2.6019e+06
-2.60163e+06
-2.60289e+06
-2.60279e+06
-2.60316e+06
-2.60236e+06
-2.60287e+06
-2.60165e+06
-2.60205e+06
-2.60128e+06
-2.60293e+06
-2.60133e+06
-2.60169e+06
-2.6027e+06
-2.60142e+06
-2.60207e+06
-2.60105e+06
-2.60209e+06
-2.60242e+06
-2.60062e+06
-2.60082e+06
-2.6021e+06
-2.60253e+06
-2.60165e+06
-2.59924e+06
-2.60096e+06
-2.60011e+06
-2.59983e+06
-2.59877e+06
-2.59904e+06
-2.59958e+06
-2.59845e+06
-2.59949e+06
-2.59992e+06
-2.59882e+06
-2.59768e+06
-2.59831e+06
-2.59931e+06
-2.59992e+06
-2.60016e+06
-2.59923e+06
-2.59848e+06
-2.59981e+06
-2.59914e+06
-2.60163e+06
-2.6007e+06
-2.6015e+06
-2.59936e+06
-2.59956e+06
-2.59904e+06
-2.59902e+06
-2.60052e+06
-2.60007e+06
-2.60065e+06
-2.60054e+06
-2.60073e+06
-2.60108e+06
-2.6e+06
-2.59992e+06
-2.59973e+06
-2.60023e+06
-2.60104e+06
-2.60151e+06
-2.60131e+06
-2.60094e+06
-2.60059e+06
-2.59924e+06
-2.60044e+06
-2.59921e+06
-2.59926e+06
-2.59945e+06
-2.60043e+06
-2.60104e+06
-2.60062e+06
-2.60118e+06
-2.60253e+06
-2.60208e+06
-2.60143e+06
-2.60185e+06
-2.60089e+06
-2.60184e+06
-2.60113e+06
-2.60203e+06
-2.6002e+06
-2.60071e+06
-2.60139e+06
-2.60233e+06
-2.60184e+06
-2.60172e+06
-2.60252e+06
-2.60237e+06
-2.60254e+06
-2.60341e+06
-2.6024e+06
-2.60355e+06
-2.60437e+06
-2.60234e+06
-2.6023e+06
-2.60243e+06
-2.60163e+06
-2.60105e+06
-2.60133e+06
-2.60014e+06
-2.59989e+06
-2.60048e+06
-2.60025e+06
-2.60075e+06
-2.6013e+06
-2.60026e+06
-2.60137e+06
-2.602e+06
-2.60074e+06
-2.60071e+06
-2.60034e+06
-2.60094e+06
-2.60034e+06
-2.59952e+06
-2.60024e+06
-2.60089e+06
-2.6004e+06
-2.60152e+06
-2.60274e+06
-2.6023e+06
-2.60184e+06
-2.60158e+06
-2.60214e+06
-2.60226e+06
-2.60247e+06
-2.60341e+06
-2.6024e+06
-2.60226e+06
-2.6015e+06
-2.60173e+06
-2.6007e+06
-2.60207e+06
-2.60185e+06
-2.60387e+06
-2.60319e+06
-2.60226e+06
-2.60287e+06
-2.60357e+06
-2.60278e+06
-2.60332e+06
-2.60426e+06
-2.60313e+06
-2.60207e+06
-2.60263e+06
-2.60131e+06
-2.6029e+06
-2.60306e+06
-2.60341e+06
-2.6037e+06
-2.60209e+06
-2.60291e+06
-2.60351e+06
-2.6021e+06
-2.60315e+06
-2.60207e+06
-2.60302e+06
-2.60209e+06
-2.60262e+06
-2.60351e+06
-2.60401e+06
-2.60329e+06
-2.60276e+06
-2.60316e+06
-2.60391e+06
-2.60374e+06
-2.60331e+06
-2.60409e+06
-2.60505e+06
-2.60363e+06
-2.60359e+06
-2.60443e+06
-2.60467e+06
-2.60401e+06
-2.60434e+06
-2.60275e+06
-2.60242e+06
-2.60065e+06
-2.60127e+06
-2.60184e+06
-2.60331e+06
-2.60407e+06
-2.60397e+06
-2.60471e+06
-2.60345e+06
-2.60275e+06
-2.60391e+06
-2.60328e+06
-2.60282e+06
-2.60303e+06
-2.60334e+06
-2.6025e+06
-2.60185e+06
-2.60169e+06
-2.60104e+06
-2.60037e+06
-2.60171e+06
-2.60087e+06
-2.60201e+06
-2.60198e+06
-2.60285e+06
-2.60299e+06
-2.60317e+06
-2.60208e+06
-2.60308e+06
-2.6028e+06
-2.602e+06
-2.60115e+06
-2.60162e+06
-2.60152e+06
-2.60201e+06
-2.60012e+06
-2.60129e+06
-2.60185e+06
-2.60196e+06
-2.60346e+06
-2.60247e+06
-2.60352e+06
-2.60345e+06
-2.60221e+06
-2.60208e+06
-2.60135e+06
-2.60198e+06
-2.60262e+06
-2.6025e+06
-2.60242e+06
-2.604e+06
-2.60396e+06
-2.60298e+06
-2.60311e+06
-2.60428e+06
-2.60236e+06
-2.60237e+06
-2.60262e+06
-2.60289e+06
-2.60359e+06
-2.60348e+06
-2.60381e+06
-2.60247e+06
-2.60388e+06
-2.60274e+06
-2.60244e+06
-2.60255e+06
-2.60216e+06
-2.60267e+06
-2.60196e+06
-2.60279e+06
-2.60247e+06
-2.60319e+06
-2.60289e+06
-2.60135e+06
-2.60194e+06
-2.60193e+06
-2.60279e+06
-2.60312e+06
-2.60312e+06
-2.60353e+06
-2.60324e+06
-2.60511e+06
-2.60322e+06
-2.60419e+06
-2.60371e+06
-2.60373e+06
-2.60324e+06
-2.60344e+06
-2.60309e+06
-2.60273e+06
-2.60363e+06
-2.60355e+06
-2.60247e+06
-2.6023e+06
-2.60172e+06
-2.60187e+06
-2.6032e+06
-2.6031e+06
-2.6022e+06
-2.60162e+06
-2.60223e+06
-2.60261e+06
-2.60194e+06
-2.60171e+06
-2.6029e+06
-2.60337e+06
-2.60284e+06
-2.60281e+06
-2.6031e+06
-2.60328e+06
-2.60342e+06
-2.60388e+06
-2.60313e+06
-2.60241e+06
-2.60289e+06
-2.60288e+06
-2.60327e+06
-2.6022e+06
-2.60385e+06
-2.60332e+06
-2.6019e+06
-2.60172e+06
-2.60399e+06
-2.60302e+06
-2.60318e+06
-2.60314e+06
-2.60382e+06
-2.60424e+06
-2.60352e+06
-2.60143e+06
-2.60142e+06
-2.60219e+06
-2.6021e+06
-2.60294e+06
-2.60293e+06
-2.60272e+06
-2.60211e+06
-2.60168e+06
-2.60221e+06
-2.60107e+06
-2.60279e+06
-2.60374e+06
-2.60289e+06
-2.603e+06
-2.60392e+06
-2.60286e+06
-2.60211e+06
-2.60352e+06
-2.60246e+06
-2.60272e+06
-2.60061e+06
-2.60098e+06
-2.60183e+06
-2.60237e+06
-2.60239e+06
-2.60302e+06
-2.6027e+06
-2.60308e+06
-2.60353e+06
-2.60341e+06
-2.60213e+06
-2.60087e+06
-2.6021e+06
-2.6032e+06
-2.60271e+06
-2.60193e+06
-2.6022e+06
-2.60018e+06
-2.60072e+06
-2.60176e+06
-2.60247e+06
-2.60174e+06
-2.60149e+06
-2.60275e+06
-2.60117e+06
-2.60181e+06
-2.60191e+06
-2.60247e+06
-2.60182e+06
-2.60263e+06
-2.60337e+06
-2.60332e+06
-2.60191e+06
-2.60356e+06
-2.60144e+06
-2.60297e+06
-2.60395e+06
-2.60245e+06
-2.60343e+06
-2.60217e+06
-2.60235e+06
-2.60188e+06
-2.60215e+06
-2.60263e+06
-2.60352e+06
-2.6032e+06
-2.60276e+06
-2.60311e+06
-2.60295e+06
-2.60412e+06
-2.60389e+06
-2.60388e+06
-2.60319e+06
-2.60315e+06
-2.60196e+06
-2.60156e+06
-2.6037e+06
-2.6041e+06
-2.604e+06
-2.6024e+06
-2.60241e+06
-2.60102e+06
-2.60162e+06
-2.60173e+06
-2.60299e+06
-2.60334e+06
-2.60397e+06
-2.60278e+06
-2.60298e+06
-2.60272e+06
-2.60272e+06
-2.60206e+06
-2.6017e+06
-2.60122e+06
-2.60215e+06
-2.6019e+06
-2.60275e+06
-2.60263e+06
-2.60271e+06
-2.60334e+06
-2.60269e+06
-2.60305e+06
-2.60496e+06
-2.60396e+06
-2.60338e+06
-2.60351e+06
-2.60365e+06
-2.60357e+06
-2.60304e+06
-2.60438e+06
-2.60403e+06
-2.60441e+06
-2.6042e+06
-2.60284e+06
-2.60415e+06
-2.60368e+06
-2.60506e+06
-2.60476e+06
-2.60444e+06
-2.60447e+06
-2.60484e+06
-2.60318e+06
-2.60388e+06
-2.60494e+06
-2.60621e+06
-2.6058e+06
-2.60604e+06
-2.6062e+06
-2.60525e+06
-2.60569e+06
-2.60529e+06
-2.6059e+06
-2.60621e+06
-2.60503e+06
-2.60596e+06
-2.60573e+06
-2.60532e+06
-2.60547e+06
-2.60534e+06
-2.6054e+06
-2.60476e+06
-2.60609e+06
-2.60509e+06
-2.60583e+06
-2.60653e+06
-2.6049e+06
-2.60394e+06
-2.60447e+06
-2.60424e+06
-2.60423e+06
-2.60455e+06
-2.6042e+06
-2.6039e+06
-2.60466e+06
-2.60372e+06
-2.60363e+06
-2.60243e+06
-2.60242e+06
-2.60393e+06
-2.6037e+06
-2.60414e+06
-2.60487e+06
-2.60459e+06
-2.60425e+06
-2.60453e+06
-2.6055e+06
-2.60468e+06
-2.6068e+06
-2.60465e+06
-2.60629e+06
-2.60554e+06
-2.60742e+06
-2.60676e+06
-2.6067e+06
-2.60607e+06
-2.60682e+06
-2.606e+06
-2.60593e+06
-2.60458e+06
-2.60417e+06
-2.60407e+06
-2.60324e+06
-2.60492e+06
-2.60419e+06
-2.60282e+06
-2.60427e+06
-2.60457e+06
-2.60467e+06
-2.60342e+06
-2.60337e+06
-2.60387e+06
-2.60332e+06
-2.60288e+06
-2.60298e+06
-2.60203e+06
-2.6032e+06
-2.60317e+06
-2.6028e+06
-2.60315e+06
-2.60388e+06
-2.60358e+06
-2.60233e+06
-2.60334e+06
-2.6034e+06
-2.60349e+06
-2.60291e+06
-2.60339e+06
-2.6034e+06
-2.60256e+06
-2.60332e+06
-2.60371e+06
-2.60223e+06
-2.60035e+06
-2.60052e+06
-2.60159e+06
-2.60354e+06
-2.60256e+06
-2.60276e+06
-2.60206e+06
-2.60214e+06
-2.60312e+06
-2.6028e+06
-2.60269e+06
-2.60272e+06
-2.60285e+06
-2.60303e+06
-2.60318e+06
-2.60171e+06
-2.60129e+06
-2.60266e+06
-2.60248e+06
-2.60147e+06
-2.60206e+06
-2.60256e+06
-2.60213e+06
-2.60226e+06
-2.60262e+06
-2.60165e+06
-2.60314e+06
-2.6036e+06
-2.60343e+06
-2.60524e+06
-2.60336e+06
-2.60392e+06
-2.60407e+06
-2.60344e+06
-2.60358e+06
-2.60507e+06
-2.6042e+06
-2.60325e+06
-2.60366e+06
-2.60362e+06
-2.60378e+06
-2.60453e+06
-2.60487e+06
-2.60318e+06
-2.60447e+06
-2.60422e+06
-2.60473e+06
-2.60373e+06
-2.60537e+06
-2.60467e+06
-2.60442e+06
-2.6054e+06
-2.60555e+06
-2.6065e+06
-2.60514e+06
-2.60473e+06
-2.60412e+06
-2.60589e+06
-2.60764e+06
-2.6063e+06
-2.6068e+06
-2.60656e+06
-2.60684e+06
-2.60649e+06
-2.60587e+06
-2.60588e+06
-2.60594e+06
-2.60648e+06
-2.60565e+06
-2.60385e+06
-2.60475e+06
-2.60577e+06
-2.60624e+06
-2.60508e+06
-2.60532e+06
-2.60487e+06
-2.60527e+06
-2.60472e+06
-2.6053e+06
-2.6054e+06
-2.6049e+06
-2.60475e+06
-2.60557e+06
-2.60476e+06
-2.60502e+06
-2.6048e+06
-2.60442e+06
-2.60482e+06
-2.6043e+06
-2.60432e+06
-2.60438e+06
-2.60462e+06
-2.60431e+06
-2.60453e+06
-2.60619e+06
-2.60565e+06
-2.60546e+06
-2.60518e+06
-2.60631e+06
-2.60614e+06
-2.60692e+06
-2.60718e+06
-2.6078e+06
-2.60709e+06
-2.6065e+06
-2.60609e+06
-2.60475e+06
-2.60504e+06
-2.6051e+06
-2.60704e+06
-2.60534e+06
-2.60525e+06
-2.60541e+06
-2.60544e+06
-2.60653e+06
-2.60574e+06
-2.60515e+06
-2.60585e+06
-2.60499e+06
-2.60522e+06
-2.60457e+06
-2.60475e+06
-2.6038e+06
-2.60527e+06
-2.60442e+06
-2.60387e+06
-2.60377e+06
-2.60491e+06
-2.6042e+06
-2.60524e+06
-2.60438e+06
-2.60546e+06
-2.6041e+06
-2.60403e+06
-2.60358e+06
-2.60419e+06
-2.60412e+06
-2.60364e+06
-2.60313e+06
-2.6044e+06
-2.60559e+06
-2.60498e+06
-2.6042e+06
-2.6046e+06
-2.60507e+06
-2.60432e+06
-2.60409e+06
-2.60357e+06
-2.60426e+06
-2.60476e+06
-2.60281e+06
-2.60467e+06
-2.60417e+06
-2.60453e+06
-2.60438e+06
-2.60437e+06
-2.60512e+06
-2.60471e+06
-2.60488e+06
-2.60482e+06
-2.60379e+06
-2.60633e+06
-2.60495e+06
-2.60512e+06
-2.6049e+06
-2.60359e+06
-2.6041e+06
-2.60545e+06
-2.60478e+06
-2.60512e+06
-2.60441e+06
-2.60435e+06
-2.60453e+06
-2.60344e+06
-2.60379e+06
-2.6039e+06
-2.6061e+06
-2.60421e+06
-2.60463e+06
-2.60496e+06
-2.60467e+06
-2.60472e+06
-2.6052e+06
-2.60454e+06
-2.60417e+06
-2.60378e+06
-2.60364e+06
-2.60495e+06
-2.60371e+06
-2.6049e+06
-2.60401e+06
-2.60432e+06
-2.60368e+06
-2.60305e+06
-2.60477e+06
-2.60607e+06
-2.60568e+06
-2.60334e+06
-2.60366e+06
-2.60432e+06
-2.60572e+06
-2.60418e+06
-2.60288e+06
-2.60466e+06
-2.60477e+06
-2.60518e+06
-2.6031e+06
-2.60394e+06
-2.60403e+06
-2.60573e+06
-2.60499e+06
-2.60673e+06
-2.6061e+06
-2.60495e+06
-2.60664e+06
-2.60506e+06
-2.60433e+06
-2.60554e+06
-2.60512e+06
-2.60562e+06
-2.60595e+06
-2.60405e+06
-2.6048e+06
-2.60449e+06
-2.60353e+06
-2.60522e+06
-2.60381e+06
-2.60488e+06
-2.60441e+06
-2.60574e+06
-2.60355e+06
-2.60462e+06
-2.60468e+06
-2.60449e+06
-2.60419e+06
-2.60389e+06
-2.60311e+06
-2.60321e+06
-2.60374e+06
-2.60272e+06
-2.60506e+06
-2.60504e+06
-2.60393e+06
-2.6057e+06
-2.60511e+06
-2.60618e+06
-2.60598e+06
-2.60631e+06
-2.60538e+06
-2.60514e+06
-2.60539e+06
-2.60534e+06
-2.60392e+06
-2.60511e+06
-2.60475e+06
-2.60349e+06
-2.60465e+06
-2.60504e+06
-2.60532e+06
-2.6047e+06
-2.6047e+06
-2.60441e+06
-2.6044e+06
-2.60648e+06
-2.60478e+06
-2.60354e+06
-2.60415e+06
-2.60521e+06
-2.6042e+06
-2.6044e+06
-2.60553e+06
-2.60575e+06
-2.60553e+06
-2.60467e+06
-2.60604e+06
-2.60472e+06
-2.60495e+06
-2.60664e+06
-2.60438e+06
-2.60597e+06
-2.60673e+06
-2.60734e+06
-2.60724e+06
-2.60648e+06
-2.60688e+06
-2.60734e+06
-2.6078e+06
-2.60652e+06
-2.60661e+06
-2.60581e+06
-2.60598e+06
-2.60629e+06
-2.60543e+06
-2.60457e+06
-2.60342e+06
-2.60502e+06
-2.60499e+06
-2.60558e+06
-2.60409e+06
-2.60481e+06
-2.60548e+06
-2.60493e+06
-2.60602e+06
-2.60466e+06
-2.60643e+06
-2.60508e+06
-2.60626e+06
-2.60518e+06
-2.60384e+06
-2.60498e+06
-2.60377e+06
-2.60353e+06
-2.60416e+06
-2.60505e+06
-2.60502e+06
-2.60475e+06
-2.60609e+06
-2.60457e+06
-2.60439e+06
-2.60578e+06
-2.60405e+06
-2.6044e+06
-2.60431e+06
-2.60412e+06
-2.60418e+06
-2.60453e+06
-2.60457e+06
-2.60493e+06
-2.60414e+06
-2.60464e+06
-2.60486e+06
-2.60448e+06
-2.60613e+06
-2.606e+06
-2.6069e+06
-2.60569e+06
-2.60541e+06
-2.60597e+06
-2.60676e+06
-2.6079e+06
-2.60691e+06
-2.60676e+06
-2.60625e+06
-2.60674e+06
-2.60533e+06
-2.60569e+06
-2.60768e+06
-2.60672e+06
-2.60535e+06
-2.6057e+06
-2.60573e+06
-2.60664e+06
-2.60516e+06
-2.60536e+06
-2.60543e+06
-2.60487e+06
-2.60622e+06
-2.60564e+06
-2.60607e+06
-2.6056e+06
-2.60684e+06
-2.60461e+06
-2.60571e+06
-2.60503e+06
-2.60438e+06
-2.60478e+06
-2.60457e+06
-2.60435e+06
-2.60452e+06
-2.60533e+06
-2.60438e+06
-2.60475e+06
-2.60606e+06
-2.60537e+06
-2.60478e+06
-2.60464e+06
-2.60545e+06
-2.60494e+06
-2.60527e+06
-2.60494e+06
-2.60528e+06
-2.60519e+06
-2.60456e+06
-2.60455e+06
-2.60363e+06
-2.60376e+06
-2.60374e+06
-2.60326e+06
-2.60436e+06
-2.60463e+06
-2.60381e+06
-2.60598e+06
-2.60524e+06
-2.60287e+06
-2.60369e+06
-2.60304e+06
-2.6044e+06
-2.60371e+06
-2.60353e+06
-2.6032e+06
-2.60371e+06
-2.60367e+06
-2.60397e+06
-2.60378e+06
-2.60413e+06
-2.60491e+06
-2.60408e+06
-2.60467e+06
-2.60457e+06
-2.60424e+06
-2.60367e+06
-2.60487e+06
-2.60379e+06
-2.60425e+06
-2.60449e+06
-2.60475e+06
-2.60525e+06
-2.60472e+06
-2.60502e+06
-2.60494e+06
-2.60524e+06
-2.6057e+06
-2.60563e+06
-2.6055e+06
-2.60549e+06
-2.60385e+06
-2.60531e+06
-2.60445e+06
-2.60496e+06
-2.60456e+06
-2.60576e+06
-2.60539e+06
-2.60629e+06
-2.6046e+06
-2.60608e+06
-2.60539e+06
-2.60551e+06
-2.6054e+06
-2.60442e+06
-2.6045e+06
-2.60508e+06
-2.60522e+06
-2.60465e+06
-2.60518e+06
-2.60493e+06
-2.60365e+06
-2.60359e+06
-2.60337e+06
-2.60377e+06
-2.60451e+06
-2.6039e+06
-2.60392e+06
-2.60375e+06
-2.60329e+06
-2.60352e+06
-2.60529e+06
-2.6048e+06
-2.60505e+06
-2.60531e+06
-2.60491e+06
-2.60296e+06
-2.60375e+06
-2.60386e+06
-2.60408e+06
-2.60482e+06
-2.6038e+06
-2.60478e+06
-2.60351e+06
-2.60331e+06
-2.60378e+06
-2.60424e+06
-2.60444e+06
-2.60375e+06
-2.60317e+06
-2.60465e+06
-2.60442e+06
-2.606e+06
-2.60549e+06
-2.60472e+06
-2.6036e+06
-2.60311e+06
-2.60399e+06
-2.60394e+06
-2.60422e+06
-2.60304e+06
-2.60321e+06
-2.60336e+06
-2.6036e+06
-2.60223e+06
-2.60312e+06
-2.60315e+06
-2.60446e+06
-2.60346e+06
-2.60354e+06
-2.60372e+06
-2.60326e+06
-2.60307e+06
-2.60165e+06
-2.60242e+06
-2.60263e+06
-2.60233e+06
-2.60309e+06
-2.60334e+06
-2.60343e+06
-2.60244e+06
-2.60344e+06
-2.60269e+06
-2.60308e+06
-2.60243e+06
-2.60229e+06
-2.60288e+06
-2.6041e+06
-2.60411e+06
-2.6031e+06
-2.60329e+06
-2.60311e+06
-2.60344e+06
-2.60241e+06
-2.60286e+06
-2.60222e+06
-2.60256e+06
-2.60212e+06
-2.60197e+06
-2.60311e+06
-2.60338e+06
-2.60162e+06
-2.60267e+06
-2.60231e+06
-2.60027e+06
-2.60211e+06
-2.60275e+06
-2.60355e+06
-2.6028e+06
-2.60259e+06
-2.60371e+06
-2.60483e+06
-2.60392e+06
-2.60283e+06
-2.60256e+06
-2.60309e+06
-2.60244e+06
-2.60396e+06
-2.60375e+06
-2.60456e+06
-2.60345e+06
-2.6033e+06
-2.60317e+06
-2.60568e+06
-2.6039e+06
-2.60404e+06
-2.60442e+06
-2.60399e+06
-2.60345e+06
-2.60445e+06
-2.60492e+06
-2.60445e+06
-2.60484e+06
-2.60214e+06
-2.60287e+06
-2.60332e+06
-2.60321e+06
-2.60311e+06
-2.60318e+06
-2.60276e+06
-2.60308e+06
-2.60287e+06
-2.60385e+06
-2.60303e+06
-2.60288e+06
-2.60319e+06
-2.60282e+06
-2.6024e+06
-2.60166e+06
-2.60288e+06
-2.60113e+06
-2.60251e+06
-2.60241e+06
-2.60287e+06
-2.60286e+06
-2.60482e+06
-2.60319e+06
-2.6042e+06
-2.60465e+06
-2.6029e+06
-2.605e+06
-2.60396e+06
-2.60374e+06
-2.60386e+06
-2.60524e+06
-2.60351e+06
-2.60312e+06
-2.6047e+06
-2.60413e+06
-2.60278e+06
-2.60266e+06
-2.60245e+06
-2.60284e+06
-2.60238e+06
-2.6021e+06
-2.6021e+06
-2.60197e+06
-2.60314e+06
-2.60382e+06
-2.60581e+06
-2.60326e+06
-2.60363e+06
-2.60416e+06
-2.60477e+06
-2.60517e+06
-2.60319e+06
-2.60479e+06
-2.60307e+06
-2.60368e+06
-2.60368e+06
-2.60448e+06
-2.60337e+06
-2.60285e+06
-2.60295e+06
-2.60351e+06
-2.6039e+06
-2.6031e+06
-2.60304e+06
-2.6024e+06
-2.60263e+06
-2.60133e+06
-2.60169e+06
-2.60281e+06
-2.60319e+06
-2.60185e+06
-2.60274e+06
-2.60012e+06
-2.60153e+06
-2.60059e+06
-2.60109e+06
-2.60204e+06
-2.60096e+06
-2.60056e+06
-2.60054e+06
-2.6011e+06
-2.60053e+06
-2.60061e+06
-2.59969e+06
-2.60123e+06
-2.59965e+06
-2.59901e+06
-2.59995e+06
-2.59901e+06
-2.60005e+06
-2.60078e+06
-2.60225e+06
-2.60153e+06
-2.60103e+06
-2.60034e+06
-2.60011e+06
-2.60162e+06
-2.60159e+06
-2.60312e+06
-2.60313e+06
-2.60271e+06
-2.60215e+06
-2.60217e+06
-2.60158e+06
-2.60195e+06
-2.60221e+06
-2.60137e+06
-2.60255e+06
-2.60186e+06
-2.60167e+06
-2.60153e+06
-2.6009e+06
-2.60078e+06
-2.60093e+06
-2.60086e+06
-2.60247e+06
-2.60158e+06
-2.60357e+06
-2.60278e+06
-2.60276e+06
-2.60248e+06
-2.59995e+06
-2.60141e+06
-2.60103e+06
-2.60086e+06
-2.60028e+06
-2.60225e+06
-2.5996e+06
-2.60129e+06
-2.60177e+06
-2.60028e+06
-2.60119e+06
-2.60109e+06
-2.6019e+06
-2.60111e+06
-2.60057e+06
-2.59964e+06
-2.60069e+06
-2.6018e+06
-2.60063e+06
-2.60078e+06
-2.60128e+06
-2.60037e+06
-2.60059e+06
-2.60122e+06
-2.60041e+06
-2.60084e+06
-2.60123e+06
-2.60121e+06
-2.60023e+06
-2.60083e+06
-2.60188e+06
-2.6013e+06
-2.60144e+06
-2.60158e+06
-2.60139e+06
-2.6003e+06
-2.60063e+06
-2.60096e+06
-2.60105e+06
-2.60043e+06
-2.60029e+06
-2.59986e+06
-2.60064e+06
-2.60055e+06
-2.60069e+06
-2.60012e+06
-2.60032e+06
-2.6007e+06
-2.60083e+06
-2.60083e+06
-2.60098e+06
-2.602e+06
-2.6012e+06
-2.60075e+06
-2.60073e+06
-2.60012e+06
-2.60001e+06
-2.60198e+06
-2.60197e+06
-2.6001e+06
-2.60038e+06
-2.60094e+06
-2.59944e+06
-2.59978e+06
-2.59974e+06
-2.60109e+06
-2.60098e+06
-2.60078e+06
-2.60053e+06
-2.59982e+06
-2.601e+06
-2.60088e+06
-2.60079e+06
-2.60066e+06
-2.6019e+06
-2.60221e+06
-2.60191e+06
-2.60077e+06
-2.60054e+06
-2.60059e+06
-2.60078e+06
-2.59993e+06
-2.60104e+06
-2.60027e+06
-2.60186e+06
-2.60299e+06
-2.60233e+06
-2.60206e+06
-2.60169e+06
-2.60116e+06
-2.60304e+06
-2.60263e+06
-2.60231e+06
-2.60255e+06
-2.6021e+06
-2.60208e+06
-2.60284e+06
-2.60193e+06
-2.60121e+06
-2.60011e+06
-2.6013e+06
-2.6015e+06
-2.60321e+06
-2.60295e+06
-2.6024e+06
-2.602e+06
-2.60186e+06
-2.60104e+06
-2.60141e+06
-2.60242e+06
-2.60315e+06
-2.60165e+06
-2.60139e+06
-2.60287e+06
-2.60298e+06
-2.60163e+06
-2.60253e+06
-2.60114e+06
-2.60153e+06
-2.602e+06
-2.60307e+06
-2.60162e+06
-2.60058e+06
-2.60164e+06
-2.60175e+06
-2.60192e+06
-2.60204e+06
-2.60219e+06
-2.60269e+06
-2.6015e+06
-2.60124e+06
-2.60249e+06
-2.60228e+06
-2.60226e+06
-2.6011e+06
-2.59993e+06
-2.60045e+06
-2.60127e+06
-2.60101e+06
-2.60263e+06
-2.60206e+06
-2.60132e+06
-2.60135e+06
-2.60037e+06
-2.60096e+06
-2.60085e+06
-2.60121e+06
-2.60008e+06
-2.60042e+06
-2.59995e+06
-2.60199e+06
-2.60137e+06
-2.60122e+06
-2.60087e+06
-2.60148e+06
-2.60053e+06
-2.6007e+06
-2.60238e+06
-2.6014e+06
-2.6009e+06
-2.60098e+06
-2.60229e+06
-2.60079e+06
-2.60126e+06
-2.60173e+06
-2.60166e+06
-2.60172e+06
-2.60042e+06
-2.60059e+06
-2.60196e+06
-2.60034e+06
-2.60126e+06
-2.60128e+06
-2.60082e+06
-2.60199e+06
-2.60176e+06
-2.6009e+06
-2.60051e+06
-2.60051e+06
-2.60301e+06
-2.60101e+06
-2.60214e+06
-2.60249e+06
-2.60077e+06
-2.60223e+06
-2.60185e+06
-2.60278e+06
-2.60135e+06
-2.60211e+06
-2.60106e+06
-2.60201e+06
-2.6017e+06
-2.60138e+06
-2.60182e+06
-2.60087e+06
-2.60084e+06
-2.60083e+06
-2.60075e+06
-2.5997e+06
-2.60092e+06
-2.60031e+06
-2.60082e+06
-2.60207e+06
-2.60094e+06
-2.60084e+06
-2.60022e+06
-2.60079e+06
-2.60173e+06
-2.60201e+06
-2.60129e+06
-2.60233e+06
-2.60309e+06
-2.60131e+06
-2.60099e+06
-2.60086e+06
-2.60211e+06
-2.60285e+06
-2.60247e+06
-2.60079e+06
-2.60019e+06
-2.60122e+06
-2.60166e+06
-2.60145e+06
-2.60051e+06
-2.60099e+06
-2.60177e+06
-2.60251e+06
-2.60035e+06
-2.60018e+06
-2.6001e+06
-2.59981e+06
-2.60106e+06
-2.60033e+06
-2.6019e+06
-2.60008e+06
-2.59997e+06
-2.59983e+06
-2.59928e+06
-2.60024e+06
-2.601e+06
-2.602e+06
-2.60226e+06
-2.60252e+06
-2.60098e+06
-2.60144e+06
-2.60118e+06
-2.60253e+06
-2.60143e+06
-2.6016e+06
-2.60048e+06
-2.60048e+06
-2.60164e+06
-2.60078e+06
-2.60041e+06
-2.60098e+06
-2.60028e+06
-2.60177e+06
-2.60156e+06
-2.60071e+06
-2.59964e+06
-2.59961e+06
-2.59983e+06
-2.60105e+06
-2.60123e+06
-2.60142e+06
-2.60106e+06
-2.6005e+06
-2.60138e+06
-2.60117e+06
-2.60213e+06
-2.60145e+06
-2.60086e+06
-2.60037e+06
-2.60097e+06
-2.60016e+06
-2.59969e+06
-2.60135e+06
-2.60091e+06
-2.60052e+06
-2.60134e+06
-2.60137e+06
-2.60042e+06
-2.6001e+06
-2.60049e+06
-2.60089e+06
-2.60058e+06
-2.60035e+06
-2.59966e+06
-2.60017e+06
-2.60048e+06
-2.60053e+06
-2.60113e+06
-2.60185e+06
-2.60123e+06
-2.60153e+06
-2.60188e+06
-2.60219e+06
-2.60098e+06
-2.60126e+06
-2.60231e+06
-2.60129e+06
-2.60098e+06
-2.60006e+06
-2.59991e+06
-2.6005e+06
-2.601e+06
-2.6004e+06
-2.6003e+06
-2.60089e+06
-2.60097e+06
-2.60146e+06
-2.60126e+06
-2.60101e+06
-2.59987e+06
-2.60109e+06
-2.59939e+06
-2.59983e+06
-2.60098e+06
-2.60005e+06
-2.60126e+06
-2.60128e+06
-2.6017e+06
-2.60027e+06
-2.60027e+06
-2.59985e+06
-2.60021e+06
-2.60006e+06
-2.60019e+06
-2.59999e+06
-2.59947e+06
-2.60035e+06
-2.60026e+06
-2.59985e+06
-2.6007e+06
-2.59987e+06
-2.60007e+06
-2.59909e+06
-2.59934e+06
-2.60011e+06
-2.60036e+06
-2.59886e+06
-2.60017e+06
-2.59916e+06
-2.59925e+06
-2.59868e+06
-2.59996e+06
-2.59996e+06
-2.5996e+06
-2.59947e+06
-2.5987e+06
-2.59924e+06
-2.59818e+06
-2.59877e+06
-2.60004e+06
-2.59879e+06
-2.59972e+06
-2.59966e+06
-2.60016e+06
-2.59951e+06
-2.59864e+06
-2.59891e+06
-2.5999e+06
-2.60046e+06
-2.59996e+06
-2.59951e+06
-2.59968e+06
-2.60072e+06
-2.60126e+06
-2.60098e+06
-2.60231e+06
-2.60131e+06
-2.60084e+06
-2.60019e+06
-2.6006e+06
-2.59988e+06
-2.60083e+06
-2.60052e+06
-2.60038e+06
-2.6003e+06
-2.60065e+06
-2.59874e+06
-2.60001e+06
-2.59875e+06
-2.59786e+06
-2.59807e+06
-2.59951e+06
-2.59925e+06
-2.59882e+06
-2.59914e+06
-2.59866e+06
-2.59978e+06
-2.59884e+06
-2.59892e+06
-2.60126e+06
-2.6018e+06
-2.60067e+06
-2.60071e+06
-2.6012e+06
-2.6008e+06
-2.60025e+06
-2.59996e+06
-2.60089e+06
-2.59904e+06
-2.59942e+06
-2.60026e+06
-2.60039e+06
-2.60145e+06
-2.59947e+06
-2.5997e+06
-2.59967e+06
-2.59994e+06
-2.5999e+06
-2.60075e+06
-2.60053e+06
-2.60072e+06
-2.6009e+06
-2.6019e+06
-2.60131e+06
-2.60029e+06
-2.60197e+06
-2.60016e+06
-2.60029e+06
-2.60063e+06
-2.60121e+06
-2.60091e+06
-2.60133e+06
-2.60118e+06
-2.60039e+06
-2.60076e+06
-2.60065e+06
-2.59987e+06
-2.60087e+06
-2.60177e+06
-2.6017e+06
-2.59986e+06
-2.60087e+06
-2.60052e+06
-2.60047e+06
-2.6005e+06
-2.60084e+06
-2.60031e+06
-2.60109e+06
-2.60143e+06
-2.60188e+06
-2.60139e+06
-2.60182e+06
-2.60067e+06
-2.60054e+06
-2.6007e+06
-2.60077e+06
-2.60049e+06
-2.60106e+06
-2.60155e+06
-2.60082e+06
-2.60247e+06
-2.60266e+06
-2.60072e+06
-2.60091e+06
-2.60033e+06
-2.6011e+06
-2.60075e+06
-2.60065e+06
-2.6005e+06
-2.60074e+06
-2.60125e+06
-2.6005e+06
-2.59996e+06
-2.60079e+06
-2.60172e+06
-2.6005e+06
-2.60126e+06
-2.60136e+06
-2.59976e+06
-2.60164e+06
-2.6005e+06
-2.59948e+06
-2.6014e+06
-2.6018e+06
-2.60072e+06
-2.60042e+06
-2.60101e+06
-2.6012e+06
-2.60143e+06
-2.60145e+06
-2.60048e+06
-2.59998e+06
-2.60131e+06
-2.60239e+06
-2.60188e+06
-2.60253e+06
-2.60322e+06
-2.60253e+06
-2.60194e+06
-2.60365e+06
-2.60411e+06
-2.60468e+06
-2.60433e+06
-2.60401e+06
-2.60342e+06
-2.6032e+06
-2.60355e+06
-2.60257e+06
-2.60137e+06
-2.60277e+06
-2.60387e+06
-2.60349e+06
-2.60189e+06
-2.60169e+06
-2.60145e+06
-2.60079e+06
-2.60081e+06
-2.60196e+06
-2.60239e+06
-2.60143e+06
-2.60144e+06
-2.60162e+06
-2.60171e+06
-2.6014e+06
-2.6014e+06
-2.60169e+06
-2.60181e+06
-2.60095e+06
-2.60009e+06
-2.60018e+06
-2.60002e+06
-2.59961e+06
-2.59953e+06
-2.59984e+06
-2.59841e+06
-2.5987e+06
-2.59919e+06
-2.59913e+06
-2.60015e+06
-2.60001e+06
-2.60031e+06
-2.60079e+06
-2.60204e+06
-2.60128e+06
-2.60079e+06
-2.59871e+06
-2.59956e+06
-2.59925e+06
-2.59953e+06
-2.60053e+06
-2.59974e+06
-2.59911e+06
-2.60049e+06
-2.59895e+06
-2.59862e+06
-2.59888e+06
-2.59799e+06
-2.59854e+06
-2.59818e+06
-2.59858e+06
-2.59842e+06
-2.59722e+06
-2.59822e+06
-2.59976e+06
-2.59894e+06
-2.59909e+06
-2.59996e+06
-2.60075e+06
-2.60056e+06
-2.60063e+06
-2.5997e+06
-2.59935e+06
-2.59932e+06
-2.59996e+06
-2.6013e+06
-2.602e+06
-2.6018e+06
-2.60086e+06
-2.60132e+06
-2.60103e+06
-2.59968e+06
-2.59918e+06
-2.59954e+06
-2.59991e+06
-2.60001e+06
-2.59937e+06
-2.59921e+06
-2.59871e+06
-2.59959e+06
-2.59941e+06
-2.59949e+06
-2.60033e+06
-2.59893e+06
-2.59839e+06
-2.5999e+06
-2.6003e+06
-2.59983e+06
-2.60091e+06
-2.60138e+06
-2.60157e+06
-2.60079e+06
-2.60138e+06
-2.60108e+06
-2.601e+06
-2.60179e+06
-2.60059e+06
-2.60151e+06
-2.60054e+06
-2.60049e+06
-2.60092e+06
-2.60105e+06
-2.60096e+06
-2.59956e+06
-2.60038e+06
-2.59947e+06
-2.59919e+06
-2.599e+06
-2.59973e+06
-2.59948e+06
-2.59971e+06
-2.59969e+06
-2.59889e+06
-2.59961e+06
-2.60032e+06
-2.59982e+06
-2.59959e+06
-2.59931e+06
-2.60022e+06
-2.60029e+06
-2.59937e+06
-2.59963e+06
-2.59915e+06
-2.59861e+06
-2.59967e+06
-2.5989e+06
-2.5997e+06
-2.5996e+06
-2.59854e+06
-2.59868e+06
-2.6e+06
-2.59986e+06
-2.60197e+06
-2.60146e+06
-2.60065e+06
-2.60026e+06
-2.6009e+06
-2.60084e+06
-2.6003e+06
-2.60024e+06
-2.59967e+06
-2.60005e+06
-2.60111e+06
-2.60125e+06
-2.60127e+06
-2.5999e+06
-2.59968e+06
-2.60002e+06
-2.59985e+06
-2.60082e+06
-2.60071e+06
-2.60053e+06
-2.59985e+06
-2.59868e+06
-2.60011e+06
-2.6e+06
-2.60066e+06
-2.60118e+06
-2.5995e+06
-2.59919e+06
-2.59915e+06
-2.59827e+06
-2.59678e+06
-2.59939e+06
-2.59874e+06
-2.59972e+06
-2.60024e+06
-2.60012e+06
-2.59917e+06
-2.59937e+06
-2.59887e+06
-2.60006e+06
-2.59964e+06
-2.59854e+06
-2.59824e+06
-2.59841e+06
-2.59876e+06
-2.59801e+06
-2.59783e+06
-2.59603e+06
-2.59617e+06
-2.59761e+06
-2.59784e+06
-2.59807e+06
-2.59852e+06
-2.59699e+06
-2.5985e+06
-2.59703e+06
-2.59747e+06
-2.59921e+06
-2.59854e+06
-2.59945e+06
-2.5995e+06
-2.59805e+06
-2.59884e+06
-2.59822e+06
-2.59865e+06
-2.59871e+06
-2.5987e+06
-2.59906e+06
-2.59904e+06
-2.59935e+06
-2.598e+06
-2.59919e+06
-2.59853e+06
-2.5997e+06
-2.59879e+06
-2.59911e+06
-2.59887e+06
-2.59938e+06
-2.60004e+06
-2.59938e+06
-2.59844e+06
-2.59955e+06
-2.60114e+06
-2.60087e+06
-2.60101e+06
-2.60155e+06
-2.60087e+06
-2.60086e+06
-2.5995e+06
-2.60028e+06
-2.59976e+06
-2.59949e+06
-2.60115e+06
-2.59992e+06
-2.60038e+06
-2.59891e+06
-2.59833e+06
-2.60004e+06
-2.6011e+06
-2.60064e+06
-2.60061e+06
-2.60077e+06
-2.60002e+06
-2.60062e+06
-2.59901e+06
-2.59892e+06
-2.60007e+06
-2.60019e+06
-2.59946e+06
-2.5999e+06
-2.59948e+06
-2.59961e+06
-2.60001e+06
-2.59942e+06
-2.60146e+06
-2.60022e+06
-2.60018e+06
-2.59908e+06
-2.59918e+06
-2.59845e+06
-2.59852e+06
-2.59936e+06
-2.59947e+06
-2.59823e+06
-2.59817e+06
-2.59825e+06
-2.59772e+06
-2.5978e+06
-2.59777e+06
-2.59883e+06
-2.59855e+06
-2.59865e+06
-2.60007e+06
-2.6006e+06
-2.6001e+06
-2.59976e+06
-2.5991e+06
-2.5992e+06
-2.59821e+06
-2.59836e+06
-2.5981e+06
-2.59648e+06
-2.5983e+06
-2.59922e+06
-2.59956e+06
-2.5989e+06
-2.59952e+06
-2.59911e+06
-2.59858e+06
-2.59865e+06
-2.5979e+06
-2.59764e+06
-2.59858e+06
-2.59746e+06
-2.59799e+06
-2.59758e+06
-2.59759e+06
-2.59807e+06
-2.59754e+06
-2.5985e+06
-2.59798e+06
-2.59733e+06
-2.59803e+06
-2.59636e+06
-2.59711e+06
-2.59699e+06
-2.59772e+06
-2.59935e+06
-2.59876e+06
-2.5979e+06
-2.59862e+06
-2.59757e+06
-2.59854e+06
-2.59922e+06
-2.59861e+06
-2.59805e+06
-2.59807e+06
-2.59902e+06
-2.59834e+06
-2.59891e+06
-2.59781e+06
-2.59737e+06
-2.59911e+06
-2.59745e+06
-2.59874e+06
-2.59685e+06
-2.59756e+06
-2.59795e+06
-2.59789e+06
-2.59709e+06
-2.59689e+06
-2.59627e+06
-2.59622e+06
-2.59502e+06
-2.59546e+06
-2.59573e+06
-2.5952e+06
-2.59626e+06
-2.59616e+06
-2.59668e+06
-2.59647e+06
-2.59664e+06
-2.59541e+06
-2.5965e+06
-2.59586e+06
-2.59598e+06
-2.59545e+06
-2.59546e+06
-2.59538e+06
-2.59518e+06
-2.59548e+06
-2.59709e+06
-2.59587e+06
-2.59742e+06
-2.59727e+06
-2.59713e+06
-2.59749e+06
-2.5968e+06
-2.59528e+06
-2.59556e+06
-2.59475e+06
-2.59442e+06
-2.59561e+06
-2.59662e+06
-2.59599e+06
-2.59579e+06
-2.59539e+06
-2.5947e+06
-2.5945e+06
-2.59517e+06
-2.59549e+06
-2.59663e+06
-2.59568e+06
-2.59585e+06
-2.5958e+06
-2.59614e+06
-2.59629e+06
-2.59542e+06
-2.59484e+06
-2.59637e+06
-2.59648e+06
-2.59618e+06
-2.59667e+06
-2.59509e+06
-2.59667e+06
-2.59667e+06
-2.59759e+06
-2.59697e+06
-2.59731e+06
-2.59686e+06
-2.59794e+06
-2.59825e+06
-2.59758e+06
-2.5977e+06
-2.59679e+06
-2.59609e+06
-2.59622e+06
-2.59657e+06
-2.59688e+06
-2.59446e+06
-2.59609e+06
-2.59605e+06
-2.59387e+06
-2.59581e+06
-2.59605e+06
-2.59633e+06
-2.59616e+06
-2.5955e+06
-2.59637e+06
-2.59676e+06
-2.59572e+06
-2.59606e+06
-2.59514e+06
-2.59545e+06
-2.59701e+06
-2.59754e+06
-2.59747e+06
-2.59646e+06
-2.59633e+06
-2.59668e+06
-2.59619e+06
-2.59722e+06
-2.59697e+06
-2.59697e+06
-2.59794e+06
-2.59708e+06
-2.59613e+06
-2.5958e+06
-2.59704e+06
-2.59688e+06
-2.59739e+06
-2.5965e+06
-2.59718e+06
-2.59582e+06
-2.59699e+06
-2.59675e+06
-2.59703e+06
-2.598e+06
-2.59663e+06
-2.59692e+06
-2.59723e+06
-2.59753e+06
-2.5956e+06
-2.59718e+06
-2.5957e+06
-2.59645e+06
-2.59664e+06
-2.59623e+06
-2.59651e+06
-2.59607e+06
-2.59694e+06
-2.59727e+06
-2.59719e+06
-2.59605e+06
-2.59592e+06
-2.59524e+06
-2.59607e+06
-2.59543e+06
-2.59527e+06
-2.59565e+06
-2.59615e+06
-2.59742e+06
-2.59788e+06
-2.59537e+06
-2.59506e+06
-2.59449e+06
-2.59661e+06
-2.59641e+06
-2.59727e+06
-2.59652e+06
-2.5978e+06
-2.5974e+06
-2.59637e+06
-2.59718e+06
-2.59666e+06
-2.59646e+06
-2.59666e+06
-2.59583e+06
-2.59607e+06
-2.59727e+06
-2.59643e+06
-2.59765e+06
-2.59715e+06
-2.59739e+06
-2.59771e+06
-2.59698e+06
-2.5981e+06
-2.59796e+06
-2.59684e+06
-2.59647e+06
-2.59663e+06
-2.59787e+06
-2.59795e+06
-2.59672e+06
-2.5963e+06
-2.59508e+06
-2.59595e+06
-2.597e+06
-2.59842e+06
-2.59633e+06
-2.59688e+06
-2.59607e+06
-2.59598e+06
-2.59557e+06
-2.59714e+06
-2.5953e+06
-2.59494e+06
-2.596e+06
-2.59646e+06
-2.59657e+06
-2.59552e+06
-2.5965e+06
-2.59559e+06
-2.59595e+06
-2.59599e+06
-2.59561e+06
-2.59562e+06
-2.59503e+06
-2.59493e+06
-2.59473e+06
-2.59375e+06
-2.59512e+06
-2.5951e+06
-2.5949e+06
-2.59518e+06
-2.59434e+06
-2.59377e+06
-2.59422e+06
-2.59452e+06
-2.59583e+06
-2.59492e+06
-2.59479e+06
-2.5943e+06
-2.59508e+06
-2.59511e+06
-2.59529e+06
-2.59492e+06
-2.59528e+06
-2.59565e+06
-2.59535e+06
-2.59491e+06
-2.59401e+06
-2.59429e+06
-2.59411e+06
-2.59398e+06
-2.59434e+06
-2.59487e+06
-2.59451e+06
-2.59374e+06
-2.59406e+06
-2.59564e+06
-2.59645e+06
-2.59548e+06
-2.59638e+06
-2.59595e+06
-2.59617e+06
-2.59559e+06
-2.59451e+06
-2.59602e+06
-2.59546e+06
-2.59486e+06
-2.59444e+06
-2.5946e+06
-2.5945e+06
-2.59477e+06
-2.59508e+06
-2.59452e+06
-2.59512e+06
-2.59504e+06
-2.59585e+06
-2.59669e+06
-2.59518e+06
-2.59419e+06
-2.59449e+06
-2.59483e+06
-2.5937e+06
-2.59415e+06
-2.59232e+06
-2.59494e+06
-2.593e+06
-2.59351e+06
-2.59322e+06
-2.59203e+06
-2.59254e+06
-2.59254e+06
-2.59324e+06
-2.59353e+06
-2.59318e+06
-2.59363e+06
-2.59325e+06
-2.59339e+06
-2.5937e+06
-2.59236e+06
-2.59307e+06
-2.59241e+06
-2.59403e+06
-2.59329e+06
-2.59315e+06
-2.59246e+06
-2.59307e+06
-2.59113e+06
-2.59295e+06
-2.59471e+06
-2.59384e+06
-2.59432e+06
-2.59335e+06
-2.59344e+06
-2.59389e+06
-2.5944e+06
-2.59465e+06
-2.59522e+06
-2.59387e+06
-2.59544e+06
-2.59426e+06
-2.59374e+06
-2.59473e+06
-2.59419e+06
-2.59265e+06
-2.59342e+06
-2.59375e+06
-2.59286e+06
-2.59356e+06
-2.59298e+06
-2.59162e+06
-2.59356e+06
-2.59423e+06
-2.59487e+06
-2.59271e+06
-2.59341e+06
-2.59297e+06
-2.59392e+06
-2.59316e+06
-2.59361e+06
-2.59362e+06
-2.59349e+06
-2.59368e+06
-2.59268e+06
-2.59265e+06
-2.59248e+06
-2.5923e+06
-2.59176e+06
-2.59323e+06
-2.59176e+06
-2.59303e+06
-2.59207e+06
-2.59154e+06
-2.5915e+06
-2.5917e+06
-2.59252e+06
-2.59166e+06
-2.59238e+06
-2.59278e+06
-2.59304e+06
-2.59393e+06
-2.59307e+06
-2.59294e+06
-2.59168e+06
-2.59228e+06
-2.59335e+06
-2.59354e+06
-2.5941e+06
-2.59409e+06
-2.59392e+06
-2.59451e+06
-2.59487e+06
-2.59383e+06
-2.59397e+06
-2.59352e+06
-2.59328e+06
-2.59432e+06
-2.59324e+06
-2.59302e+06
-2.59359e+06
-2.59344e+06
-2.59475e+06
-2.59342e+06
-2.59271e+06
-2.59475e+06
-2.59526e+06
-2.59393e+06
-2.59486e+06
-2.59481e+06
-2.59365e+06
-2.59395e+06
-2.59427e+06
-2.59351e+06
-2.59493e+06
-2.5935e+06
-2.59402e+06
-2.59402e+06
-2.59553e+06
-2.5949e+06
-2.59432e+06
-2.59429e+06
-2.59489e+06
-2.59537e+06
-2.59435e+06
-2.59507e+06
-2.59521e+06
-2.59455e+06
-2.5936e+06
-2.59435e+06
-2.59373e+06
-2.59309e+06
-2.59279e+06
-2.59375e+06
-2.59336e+06
-2.59351e+06
-2.59349e+06
-2.59305e+06
-2.5929e+06
-2.59329e+06
-2.59387e+06
-2.5949e+06
-2.59483e+06
-2.59478e+06
-2.5937e+06
-2.59474e+06
-2.59356e+06
-2.59463e+06
-2.5925e+06
-2.59321e+06
-2.59305e+06
-2.59389e+06
-2.59335e+06
-2.59434e+06
-2.59339e+06
-2.59324e+06
-2.59484e+06
-2.59291e+06
-2.59436e+06
-2.594e+06
-2.59392e+06
-2.59497e+06
-2.59549e+06
-2.59529e+06
-2.59524e+06
-2.59459e+06
-2.59462e+06
-2.59516e+06
-2.59413e+06
-2.59543e+06
-2.59492e+06
-2.59585e+06
-2.59551e+06
-2.59494e+06
-2.59515e+06
-2.59453e+06
-2.59531e+06
-2.59598e+06
-2.59605e+06
-2.59557e+06
-2.59618e+06
-2.5955e+06
-2.59408e+06
-2.59527e+06
-2.59477e+06
-2.59483e+06
-2.59554e+06
-2.59642e+06
-2.59429e+06
-2.5942e+06
-2.59424e+06
-2.59442e+06
-2.59482e+06
-2.59572e+06
-2.59595e+06
-2.59553e+06
-2.59404e+06
-2.59539e+06
-2.59621e+06
-2.59676e+06
-2.59581e+06
-2.59626e+06
-2.5977e+06
-2.5964e+06
-2.59593e+06
-2.59474e+06
-2.59478e+06
-2.59444e+06
-2.59411e+06
-2.59371e+06
-2.59515e+06
-2.59673e+06
-2.59469e+06
-2.59586e+06
-2.59655e+06
-2.59567e+06
-2.59594e+06
-2.59578e+06
-2.59615e+06
-2.5961e+06
-2.5966e+06
-2.59572e+06
-2.59527e+06
-2.59641e+06
-2.59605e+06
-2.59691e+06
-2.59658e+06
-2.59702e+06
-2.59509e+06
-2.5964e+06
-2.59748e+06
-2.5958e+06
-2.59607e+06
-2.5957e+06
-2.59586e+06
-2.59513e+06
-2.59581e+06
-2.59516e+06
-2.59498e+06
-2.5936e+06
-2.5937e+06
-2.59292e+06
-2.593e+06
-2.5931e+06
-2.59308e+06
-2.59322e+06
-2.59458e+06
-2.5955e+06
-2.59519e+06
-2.59494e+06
-2.59614e+06
-2.59541e+06
-2.59558e+06
-2.59452e+06
-2.59532e+06
-2.59398e+06
-2.59395e+06
-2.59429e+06
-2.59422e+06
-2.59397e+06
-2.5947e+06
-2.59449e+06
-2.59435e+06
-2.59558e+06
-2.59418e+06
-2.59465e+06
-2.59558e+06
-2.59408e+06
-2.59461e+06
-2.59436e+06
-2.59415e+06
-2.59474e+06
-2.59489e+06
-2.59404e+06
-2.59401e+06
-2.59463e+06
-2.59373e+06
-2.59332e+06
-2.594e+06
-2.59334e+06
-2.59324e+06
-2.59459e+06
-2.59345e+06
-2.59415e+06
-2.59396e+06
-2.59426e+06
-2.59504e+06
-2.5949e+06
-2.59529e+06
-2.59566e+06
-2.59549e+06
-2.59542e+06
-2.5956e+06
-2.59632e+06
-2.59479e+06
-2.59405e+06
-2.59471e+06
-2.59481e+06
-2.59563e+06
-2.59553e+06
-2.59617e+06
-2.59493e+06
-2.59511e+06
-2.59508e+06
-2.59503e+06
-2.59488e+06
-2.59469e+06
-2.59469e+06
-2.59483e+06
-2.59511e+06
-2.59483e+06
-2.59423e+06
-2.59508e+06
-2.59417e+06
-2.59473e+06
-2.59425e+06
-2.59579e+06
-2.59558e+06
-2.59521e+06
-2.59548e+06
-2.59492e+06
-2.59552e+06
-2.59552e+06
-2.59694e+06
-2.59629e+06
-2.59664e+06
-2.59761e+06
-2.59566e+06
-2.596e+06
-2.59691e+06
-2.59817e+06
-2.59688e+06
-2.59574e+06
-2.59663e+06
-2.59622e+06
-2.59601e+06
-2.59563e+06
-2.59622e+06
-2.59596e+06
-2.59461e+06
-2.59435e+06
-2.59429e+06
-2.59353e+06
-2.59367e+06
-2.59204e+06
-2.59328e+06
-2.5931e+06
-2.59287e+06
-2.5939e+06
-2.59492e+06
-2.59341e+06
-2.59346e+06
-2.59422e+06
-2.59448e+06
-2.59431e+06
-2.59421e+06
-2.59621e+06
-2.5952e+06
-2.59567e+06
-2.59549e+06
-2.59478e+06
-2.59423e+06
-2.59465e+06
-2.59498e+06
-2.59513e+06
-2.59501e+06
-2.59502e+06
-2.59557e+06
-2.59633e+06
-2.59416e+06
-2.59586e+06
-2.59654e+06
-2.59706e+06
-2.59693e+06
-2.59716e+06
-2.59673e+06
-2.59684e+06
-2.5968e+06
-2.59678e+06
-2.59677e+06
-2.59449e+06
-2.59624e+06
-2.59635e+06
-2.59678e+06
-2.59522e+06
-2.59466e+06
-2.59659e+06
-2.59647e+06
-2.59597e+06
-2.59462e+06
-2.5951e+06
-2.59498e+06
-2.59493e+06
-2.59594e+06
-2.5962e+06
-2.59528e+06
-2.59745e+06
-2.59456e+06
-2.5941e+06
-2.59599e+06
-2.59487e+06
-2.59307e+06
-2.59422e+06
-2.59381e+06
-2.59453e+06
-2.59466e+06
-2.5941e+06
-2.5944e+06
-2.59473e+06
-2.59427e+06
-2.59602e+06
-2.59518e+06
-2.59587e+06
-2.59636e+06
-2.59606e+06
-2.59636e+06
-2.59549e+06
-2.59434e+06
-2.59596e+06
-2.59475e+06
-2.59464e+06
-2.59499e+06
-2.59465e+06
-2.59403e+06
-2.59506e+06
-2.5949e+06
-2.59503e+06
-2.59596e+06
-2.59495e+06
-2.59423e+06
-2.59567e+06
-2.59591e+06
-2.59606e+06
-2.59656e+06
-2.59605e+06
-2.59605e+06
-2.59515e+06
-2.59561e+06
-2.59459e+06
-2.5956e+06
-2.59628e+06
-2.59551e+06
-2.59547e+06
-2.5956e+06
-2.59436e+06
-2.59458e+06
-2.5959e+06
-2.5964e+06
-2.59633e+06
-2.5947e+06
-2.59568e+06
-2.59497e+06
-2.59428e+06
-2.59428e+06
-2.5938e+06
-2.59386e+06
-2.59396e+06
-2.59287e+06
-2.59327e+06
-2.59177e+06
-2.59241e+06
-2.59227e+06
-2.59245e+06
-2.59164e+06
-2.59155e+06
-2.59143e+06
-2.59262e+06
-2.59183e+06
-2.5922e+06
-2.59264e+06
-2.59227e+06
-2.59169e+06
-2.59204e+06
-2.59306e+06
-2.59189e+06
-2.59258e+06
-2.59355e+06
-2.59284e+06
-2.59397e+06
-2.59333e+06
-2.59326e+06
-2.59308e+06
-2.59283e+06
-2.59264e+06
-2.59155e+06
-2.59307e+06
-2.59282e+06
-2.59245e+06
-2.59349e+06
-2.59395e+06
-2.59324e+06
-2.59272e+06
-2.59351e+06
-2.59286e+06
-2.59304e+06
-2.59237e+06
-2.59297e+06
-2.59329e+06
-2.59306e+06
-2.59281e+06
-2.59239e+06
-2.59356e+06
-2.59292e+06
-2.5931e+06
-2.59212e+06
-2.59291e+06
-2.5925e+06
-2.59385e+06
-2.59305e+06
-2.59347e+06
-2.59341e+06
-2.59254e+06
-2.59223e+06
-2.59342e+06
-2.5931e+06
-2.59422e+06
-2.59394e+06
-2.59322e+06
-2.59328e+06
-2.59351e+06
-2.59416e+06
-2.59245e+06
-2.59321e+06
-2.59215e+06
-2.5919e+06
-2.59253e+06
-2.59277e+06
-2.59224e+06
-2.59226e+06
-2.59234e+06
-2.591e+06
-2.59133e+06
-2.59093e+06
-2.59225e+06
-2.59162e+06
-2.59196e+06
-2.59272e+06
-2.59178e+06
-2.59218e+06
-2.59306e+06
-2.59281e+06
-2.5916e+06
-2.59234e+06
-2.59309e+06
-2.59215e+06
-2.59244e+06
-2.59237e+06
-2.59233e+06
-2.59341e+06
-2.59312e+06
-2.5932e+06
-2.59153e+06
-2.59192e+06
-2.59166e+06
-2.59293e+06
-2.59237e+06
-2.59318e+06
-2.59241e+06
-2.59229e+06
-2.59283e+06
-2.59233e+06
-2.59444e+06
-2.59352e+06
-2.5932e+06
-2.59277e+06
-2.59245e+06
-2.59246e+06
-2.59274e+06
-2.59343e+06
-2.59373e+06
-2.59461e+06
-2.59312e+06
-2.59443e+06
-2.59463e+06
-2.5942e+06
-2.59389e+06
-2.59408e+06
-2.59458e+06
-2.59488e+06
-2.59496e+06
-2.59503e+06
-2.59412e+06
-2.5939e+06
-2.59449e+06
-2.59298e+06
-2.59457e+06
-2.5948e+06
-2.59423e+06
-2.59342e+06
-2.59421e+06
-2.59494e+06
-2.59487e+06
-2.5954e+06
-2.59467e+06
-2.59479e+06
-2.59374e+06
-2.59339e+06
-2.59398e+06
-2.594e+06
-2.59439e+06
-2.59373e+06
-2.59434e+06
-2.59457e+06
-2.59318e+06
-2.59347e+06
-2.59389e+06
-2.59451e+06
-2.59517e+06
-2.594e+06
-2.59396e+06
-2.5963e+06
-2.59377e+06
-2.59404e+06
-2.59455e+06
-2.59508e+06
-2.59564e+06
-2.59648e+06
-2.59514e+06
-2.59465e+06
-2.59311e+06
-2.59421e+06
-2.59402e+06
-2.59529e+06
-2.59385e+06
-2.59467e+06
-2.59366e+06
-2.59499e+06
-2.5944e+06
-2.5938e+06
-2.59425e+06
-2.59493e+06
-2.5962e+06
-2.59612e+06
-2.59685e+06
-2.59533e+06
-2.59413e+06
-2.59523e+06
-2.59353e+06
-2.59291e+06
-2.59485e+06
-2.5941e+06
-2.59401e+06
-2.59464e+06
-2.59465e+06
-2.59408e+06
-2.59395e+06
-2.59379e+06
-2.59413e+06
-2.59468e+06
-2.59472e+06
-2.59495e+06
-2.59487e+06
-2.59522e+06
-2.59484e+06
-2.59412e+06
-2.5946e+06
-2.59551e+06
-2.59441e+06
-2.59494e+06
-2.59574e+06
-2.59455e+06
-2.59603e+06
-2.59426e+06
-2.59418e+06
-2.59453e+06
-2.5938e+06
-2.59502e+06
-2.59447e+06
-2.59434e+06
-2.59444e+06
-2.59404e+06
-2.59486e+06
-2.59387e+06
-2.59372e+06
-2.5943e+06
-2.59428e+06
-2.59467e+06
-2.59367e+06
-2.59367e+06
-2.5938e+06
-2.59335e+06
-2.59227e+06
-2.59295e+06
-2.5925e+06
-2.59248e+06
-2.59142e+06
-2.59152e+06
-2.59196e+06
-2.59211e+06
-2.59195e+06
-2.59079e+06
-2.59099e+06
-2.59105e+06
-2.59234e+06
-2.59237e+06
-2.59283e+06
-2.59258e+06
-2.59311e+06
-2.59424e+06
-2.59404e+06
-2.59368e+06
-2.59499e+06
-2.59348e+06
-2.59465e+06
-2.59328e+06
-2.59435e+06
-2.5932e+06
-2.59282e+06
-2.59426e+06
-2.59454e+06
-2.59485e+06
-2.59418e+06
-2.59324e+06
-2.59342e+06
-2.59429e+06
-2.59472e+06
-2.59411e+06
-2.59431e+06
-2.59367e+06
-2.59438e+06
-2.59404e+06
-2.59347e+06
-2.59554e+06
-2.59484e+06
-2.59261e+06
-2.59265e+06
-2.59321e+06
-2.59381e+06
-2.59355e+06
-2.59407e+06
-2.5941e+06
-2.59439e+06
-2.59468e+06
-2.59315e+06
-2.59344e+06
-2.59331e+06
-2.59313e+06
-2.59242e+06
-2.59272e+06
-2.59261e+06
-2.59378e+06
-2.59406e+06
-2.59409e+06
-2.59272e+06
-2.59251e+06
-2.59275e+06
-2.59306e+06
-2.59256e+06
-2.59139e+06
-2.5917e+06
-2.59195e+06
-2.59183e+06
-2.59299e+06
-2.59313e+06
-2.59342e+06
-2.59414e+06
-2.59423e+06
-2.59283e+06
-2.59323e+06
-2.59382e+06
-2.59286e+06
-2.59381e+06
-2.59516e+06
-2.59452e+06
-2.59501e+06
-2.59535e+06
-2.59627e+06
-2.59512e+06
-2.59309e+06
-2.59258e+06
-2.59284e+06
-2.59282e+06
-2.59324e+06
-2.59313e+06
-2.59193e+06
-2.59183e+06
-2.59292e+06
-2.5926e+06
-2.59307e+06
-2.59343e+06
-2.59309e+06
-2.59235e+06
-2.59273e+06
-2.59345e+06
-2.59443e+06
-2.59304e+06
-2.59323e+06
-2.59402e+06
-2.59361e+06
-2.5934e+06
-2.59293e+06
-2.5937e+06
-2.59334e+06
-2.59384e+06
-2.59394e+06
-2.59363e+06
-2.59355e+06
-2.5933e+06
-2.5945e+06
-2.59407e+06
-2.59437e+06
-2.59557e+06
-2.59465e+06
-2.59607e+06
-2.59608e+06
-2.59368e+06
-2.59396e+06
-2.59464e+06
-2.59456e+06
-2.59398e+06
-2.59383e+06
-2.59416e+06
-2.59484e+06
-2.59511e+06
-2.59461e+06
-2.5943e+06
-2.59339e+06
-2.59301e+06
-2.5941e+06
-2.59399e+06
-2.5937e+06
-2.59375e+06
-2.59436e+06
-2.59587e+06
-2.59442e+06
-2.59489e+06
-2.59452e+06
-2.59375e+06
-2.59323e+06
-2.59218e+06
-2.59375e+06
-2.59294e+06
-2.59323e+06
-2.59418e+06
-2.5941e+06
-2.5959e+06
-2.59388e+06
-2.59326e+06
-2.59346e+06
-2.59472e+06
-2.59368e+06
-2.59421e+06
-2.59356e+06
-2.59349e+06
-2.59285e+06
-2.59345e+06
-2.59355e+06
-2.59414e+06
-2.59371e+06
-2.5938e+06
-2.59433e+06
-2.59316e+06
-2.59317e+06
-2.59247e+06
-2.59308e+06
-2.59375e+06
-2.59378e+06
-2.59296e+06
-2.59443e+06
-2.59442e+06
-2.59314e+06
-2.59303e+06
-2.59278e+06
-2.5938e+06
-2.59383e+06
-2.59328e+06
-2.59301e+06
-2.59359e+06
-2.59396e+06
-2.59392e+06
-2.59392e+06
-2.59268e+06
-2.59316e+06
-2.59381e+06
-2.59276e+06
-2.59429e+06
-2.59534e+06
-2.59487e+06
-2.59377e+06
-2.59322e+06
-2.59379e+06
-2.59401e+06
-2.59465e+06
-2.59482e+06
-2.59398e+06
-2.59427e+06
-2.59345e+06
-2.59427e+06
-2.59369e+06
-2.59392e+06
-2.59483e+06
-2.59427e+06
-2.59229e+06
-2.59302e+06
-2.59134e+06
-2.59318e+06
-2.59323e+06
-2.59332e+06
-2.59287e+06
-2.59389e+06
-2.59356e+06
-2.59294e+06
-2.59357e+06
-2.59265e+06
-2.59331e+06
-2.59381e+06
-2.59277e+06
-2.59258e+06
-2.59406e+06
-2.5945e+06
-2.59414e+06
-2.59316e+06
-2.59272e+06
-2.59262e+06
-2.59319e+06
-2.59323e+06
-2.59353e+06
-2.5928e+06
-2.59312e+06
-2.59355e+06
-2.59174e+06
-2.59283e+06
-2.59161e+06
-2.59153e+06
-2.59274e+06
-2.5926e+06
-2.59313e+06
-2.59358e+06
-2.59382e+06
-2.59261e+06
-2.59191e+06
-2.59166e+06
-2.5931e+06
-2.59435e+06
-2.59302e+06
-2.59199e+06
-2.59228e+06
-2.59195e+06
-2.5913e+06
-2.59218e+06
-2.59099e+06
-2.59225e+06
-2.59045e+06
-2.59093e+06
-2.5904e+06
-2.58999e+06
-2.59177e+06
-2.59261e+06
-2.59096e+06
-2.59287e+06
-2.59331e+06
-2.59355e+06
-2.59307e+06
-2.59465e+06
-2.5938e+06
-2.59427e+06
-2.59301e+06
-2.59356e+06
-2.59309e+06
-2.5927e+06
-2.59254e+06
-2.59295e+06
-2.59293e+06
-2.59274e+06
-2.5929e+06
-2.59364e+06
-2.59357e+06
-2.59337e+06
-2.59263e+06
-2.5938e+06
-2.59321e+06
-2.59342e+06
-2.59257e+06
-2.59322e+06
-2.59173e+06
-2.59157e+06
-2.59193e+06
-2.59117e+06
-2.59162e+06
-2.59162e+06
-2.59056e+06
-2.59116e+06
-2.59124e+06
-2.59122e+06
-2.5908e+06
-2.59042e+06
-2.59029e+06
-2.59149e+06
-2.59054e+06
-2.59099e+06
-2.59105e+06
-2.59038e+06
-2.59097e+06
-2.59003e+06
-2.58968e+06
-2.59181e+06
-2.5922e+06
-2.59176e+06
-2.59177e+06
-2.59177e+06
-2.59242e+06
-2.5911e+06
-2.59097e+06
-2.59048e+06
-2.5917e+06
-2.5929e+06
-2.59284e+06
-2.59209e+06
-2.59169e+06
-2.59122e+06
-2.5917e+06
-2.59165e+06
-2.59036e+06
-2.59125e+06
-2.59195e+06
-2.59187e+06
-2.59165e+06
-2.59159e+06
-2.59187e+06
-2.59182e+06
-2.59075e+06
-2.59231e+06
-2.59164e+06
-2.59151e+06
-2.59063e+06
-2.59048e+06
-2.59013e+06
-2.59225e+06
-2.59143e+06
-2.59241e+06
-2.59106e+06
-2.59099e+06
-2.59119e+06
-2.59076e+06
-2.59123e+06
-2.59177e+06
-2.59068e+06
-2.5909e+06
-2.59028e+06
-2.59066e+06
-2.58921e+06
-2.59102e+06
-2.59245e+06
-2.59145e+06
-2.59057e+06
-2.59225e+06
-2.59304e+06
-2.59195e+06
-2.59127e+06
-2.59248e+06
-2.59098e+06
-2.59189e+06
-2.59227e+06
-2.59184e+06
-2.59212e+06
-2.59153e+06
-2.59258e+06
-2.59267e+06
-2.59315e+06
-2.59353e+06
-2.59313e+06
-2.59333e+06
-2.59266e+06
-2.59295e+06
-2.59309e+06
-2.59323e+06
-2.59367e+06
-2.5934e+06
-2.59395e+06
-2.59297e+06
-2.59284e+06
-2.59193e+06
-2.59256e+06
-2.59344e+06
-2.59251e+06
-2.59244e+06
-2.59304e+06
-2.59363e+06
-2.59464e+06
-2.59424e+06
-2.59366e+06
-2.59376e+06
-2.59425e+06
-2.59328e+06
-2.59394e+06
-2.59319e+06
-2.59326e+06
-2.59186e+06
-2.59204e+06
-2.59146e+06
-2.59224e+06
-2.59332e+06
-2.59375e+06
-2.5944e+06
-2.5934e+06
-2.59247e+06
-2.59294e+06
-2.593e+06
-2.59369e+06
-2.59336e+06
-2.59431e+06
-2.59341e+06
-2.59397e+06
-2.59458e+06
-2.59532e+06
-2.59479e+06
-2.59414e+06
-2.59404e+06
-2.59481e+06
-2.59349e+06
-2.59481e+06
-2.59522e+06
-2.59581e+06
-2.59476e+06
-2.59682e+06
-2.59613e+06
-2.59637e+06
-2.59624e+06
-2.59537e+06
-2.59484e+06
-2.59498e+06
-2.59442e+06
-2.59357e+06
-2.59392e+06
-2.5937e+06
-2.59423e+06
-2.59499e+06
-2.59435e+06
-2.59292e+06
-2.59408e+06
-2.59371e+06
-2.59361e+06
-2.59463e+06
-2.59308e+06
-2.59328e+06
-2.59281e+06
-2.59352e+06
-2.59441e+06
-2.59423e+06
-2.59245e+06
-2.59412e+06
-2.59447e+06
-2.59426e+06
-2.59421e+06
-2.59425e+06
-2.59325e+06
-2.59378e+06
-2.5941e+06
-2.59519e+06
-2.59391e+06
-2.5935e+06
-2.59335e+06
-2.5941e+06
-2.59267e+06
-2.59322e+06
-2.59274e+06
-2.59211e+06
-2.59327e+06
-2.5917e+06
-2.59297e+06
-2.59237e+06
-2.59292e+06
-2.59226e+06
-2.59338e+06
-2.59319e+06
-2.59059e+06
-2.59238e+06
-2.59229e+06
-2.59352e+06
-2.59389e+06
-2.59317e+06
-2.59219e+06
-2.59284e+06
-2.59261e+06
-2.59207e+06
-2.59267e+06
-2.59325e+06
-2.59256e+06
-2.59291e+06
-2.59301e+06
-2.59303e+06
-2.59258e+06
-2.5926e+06
-2.59145e+06
-2.59192e+06
-2.59327e+06
-2.59342e+06
-2.5931e+06
-2.59384e+06
-2.59281e+06
-2.59261e+06
-2.59308e+06
-2.59264e+06
-2.59308e+06
-2.59249e+06
-2.5919e+06
-2.59289e+06
-2.59322e+06
-2.59208e+06
-2.59277e+06
-2.59193e+06
-2.59028e+06
-2.59156e+06
-2.59212e+06
-2.59216e+06
-2.59196e+06
-2.59127e+06
-2.59356e+06
-2.59331e+06
-2.59194e+06
-2.59289e+06
-2.5935e+06
-2.59224e+06
-2.5909e+06
-2.59242e+06
-2.59275e+06
-2.59331e+06
-2.59343e+06
-2.59144e+06
-2.59275e+06
-2.59266e+06
-2.59215e+06
-2.59189e+06
-2.59228e+06
-2.59266e+06
-2.59303e+06
-2.59332e+06
-2.59437e+06
-2.59353e+06
-2.59295e+06
-2.59287e+06
-2.59255e+06
-2.59244e+06
-2.59051e+06
-2.59207e+06
-2.59252e+06
-2.59273e+06
-2.59248e+06
-2.59173e+06
-2.5916e+06
-2.59243e+06
-2.59299e+06
-2.59185e+06
-2.59208e+06
-2.59304e+06
-2.59269e+06
-2.59267e+06
-2.59212e+06
-2.592e+06
-2.59179e+06
-2.59228e+06
-2.59165e+06
-2.59299e+06
-2.5933e+06
-2.59256e+06
-2.593e+06
-2.59212e+06
-2.59341e+06
-2.59266e+06
-2.59167e+06
-2.59399e+06
-2.59311e+06
-2.59188e+06
-2.59212e+06
-2.59254e+06
-2.59222e+06
-2.59273e+06
-2.59298e+06
-2.59246e+06
-2.59263e+06
-2.5927e+06
-2.59239e+06
-2.59245e+06
-2.59221e+06
-2.59164e+06
-2.59044e+06
-2.59237e+06
-2.59036e+06
-2.58974e+06
-2.58989e+06
-2.59103e+06
-2.59055e+06
-2.59034e+06
-2.5913e+06
-2.59057e+06
-2.59105e+06
-2.59179e+06
-2.59031e+06
-2.59082e+06
-2.59178e+06
-2.59166e+06
-2.59141e+06
-2.5918e+06
-2.59141e+06
-2.59333e+06
-2.5911e+06
-2.5919e+06
-2.59202e+06
-2.5925e+06
-2.59113e+06
-2.59136e+06
-2.59226e+06
-2.59246e+06
-2.59328e+06
-2.59327e+06
-2.59283e+06
-2.59276e+06
-2.59201e+06
-2.59138e+06
-2.5908e+06
-2.5914e+06
-2.59227e+06
-2.59155e+06
-2.59132e+06
-2.5914e+06
-2.59085e+06
-2.59243e+06
-2.59134e+06
-2.59167e+06
-2.59092e+06
-2.59186e+06
-2.59064e+06
-2.59204e+06
-2.59272e+06
-2.59187e+06
-2.5908e+06
-2.59045e+06
-2.59125e+06
-2.59287e+06
-2.59233e+06
-2.59284e+06
-2.59301e+06
-2.5926e+06
-2.59254e+06
-2.59192e+06
-2.59361e+06
-2.59281e+06
-2.59278e+06
-2.59395e+06
-2.59334e+06
-2.59202e+06
-2.59298e+06
-2.59235e+06
-2.59336e+06
-2.59336e+06
-2.59262e+06
-2.59389e+06
-2.59252e+06
-2.59268e+06
-2.59392e+06
-2.59332e+06
-2.59231e+06
-2.59244e+06
-2.59227e+06
-2.59339e+06
-2.59314e+06
-2.59216e+06
-2.59225e+06
-2.59111e+06
-2.59265e+06
-2.59291e+06
-2.59175e+06
-2.59234e+06
-2.59233e+06
-2.59343e+06
-2.59305e+06
-2.59327e+06
-2.5933e+06
-2.59197e+06
-2.59141e+06
-2.59077e+06
-2.5915e+06
-2.5916e+06
-2.59106e+06
-2.59206e+06
-2.59032e+06
-2.59043e+06
-2.59144e+06
-2.59251e+06
-2.59191e+06
-2.59153e+06
-2.59095e+06
-2.59232e+06
-2.59179e+06
-2.59211e+06
-2.59065e+06
-2.59119e+06
-2.59009e+06
-2.59172e+06
-2.59191e+06
-2.59039e+06
-2.59078e+06
-2.59262e+06
-2.59222e+06
-2.59127e+06
-2.59087e+06
-2.59034e+06
-2.59091e+06
-2.58998e+06
-2.58997e+06
-2.59067e+06
-2.59008e+06
-2.59045e+06
-2.59083e+06
-2.59124e+06
-2.59118e+06
-2.58958e+06
-2.58955e+06
-2.58989e+06
-2.58969e+06
-2.58939e+06
-2.5895e+06
-2.58899e+06
-2.59009e+06
-2.59009e+06
-2.59125e+06
-2.58967e+06
-2.58973e+06
-2.59041e+06
-2.59108e+06
-2.59069e+06
-2.59033e+06
-2.59032e+06
-2.58951e+06
-2.58999e+06
-2.58959e+06
-2.58938e+06
-2.58944e+06
-2.58906e+06
-2.59041e+06
-2.58895e+06
-2.59033e+06
-2.59004e+06
-2.59039e+06
