-8883.57
-8695.338
-7792.81
-7846.128
-7889.102
-7915.372
-7942.62
-7966.302
-7982.792
-8021.77
-8049.024
-8086.66
-8112.184
-8130.854
-8173.534
-8169.81
-8198.982
-8201.878
-8207.322
-8205.384
-8217.01
-8195.386
-8191.092
-8199.78
-8182.02
-8190.014
-8159.058
-8147.672
-8100.516
-8093.448
-8079.95
-8085.888
-8081.416
-8056.088
-8047.098
-8034.664
-8057.752
-8016.876
-8001.792
-7997.924
-8007.398
-7981.188
-7994.258
-7969.712
-7941.472
-7944.03
-7951.842
-7939.768
-7912.592
-7919.47
-7895.722
-7901.084
-7909.298
-7900.65
-7893.51
-7882.998
-7888.91
-7875.62
-7876.084
-7876.596
-7878.914
-7873.03
-7834.072
-7820.73
-7827.146
-7830.62
-7827.432
-7835.214
-7837.558
-7803.358
-7784.876
-7780.388
-7774.668
-7769.632
-7776.582
-7769.918
-7766.64
-7747.506
-7747.726
-7735.334
-7741.286
-7741.57
-7731.324
-7733.95
-7710.906
-7712.178
-7721.896
-7700.594
-7698.602
-7715.028
-7680.666
-7687.242
-7686.776
-7704.436
-7692.9
-7684.134
-7683.078
-7669.522
-7670.942
-7662.474
-7664.732
-7657.282
-7666.148
-7663.072
-7643.396
-7639.13
-7631.204
-7628.31
-7616.442
-7598.44
-7606.512
-7607.934
-7617.296
-7629.362
-7602.208
-7588.748
-7575.558
-7560.896
-7555.904
-7542.16
-7541.31
-7530.616
-7540.394
-7526.828
-7544.774
-7542.896
-7530.83
-7527.788
-7523.56
-7509.578
-7484.222
-7503.632
-7482.436
-7483.626
-7497.422
-7498.386
-7490.754
-7501.15
-7509.542
-7494.846
-7485.328
-7487.698
-7473.914
-7463.726
-7459.902
-7454.01
-7458.896
-7437.864
-7443.55
-7443.968
-7447.108
-7425.794
-7417.376
-7415.428
-7411.054
-7430.758
-7402.512
-7400.312
-7398.248
-7378.456
-7381.848
-7361.858
-7362.418
-7363.73
-7374.778
-7358.254
-7346.288
-7348.752
-7334.018
-7339.938
-7330.926
-7325.29
-7320.014
-7305.868
-7316.714
-7288.394
-7303.54
-7299.616
-7298.9
-7279.826
-7274.436
-7279.65
-7263.614
-7274.16
-7275.214
-7271.926
-7257.682
-7254.632
-7237.756
-7244.5
-7226.18
-7218.192
-7228.01
-7225.548
-7199.934
-7195.514
-7178.85
-7173.768
-7161.734
-7159.38
-7157.71
-7161.914
-7134.762
-7143.16
-7132.818
-7127.848
-7131.198
-7091.22
-7097.91
-7106.468
-7090.882
-7078.23
-7084.266
-7068.75
-7062.704
-7079.39
-7071.328
-7052.348
-7055.176
-7052.652
-7045.708
-7044.964
-7051.03
-7058.924
-7046.674
-7028.186
-7011.12
-6992.296
-6977.898
-6965.286
-6971.584
-6968.264
-6965.65
-6960.904
-6961.17
-6957.466
-6945.372
-6924.078
-6929.42
-6922.814
-6914.328
-6922.436
-6904.216
-6906.96
-6880.216
-6865.25
-6867.73
-6858.49
-6852.14
-6848.706
-6839.786
-6824.55
-6833.118
-6817.778
-6821.118
-6808.624
-6808.09
-6797.222
-6763.45
-6768.966
-6750.046
-6745.39
-6736.412
-6731.502
-6731.52
-6727.412
-6724.356
-6709.9
-6699.788
-6693.36
-6681.366
-6675.904
-6691.616
-6681.78
-6668.524
-6653.932
-6664.12
-6655.814
-6659.36
-6638.816
-6638.382
-6638.784
-6628.272
-6631.172
-6625.882
-6624.136
-6622.742
-6612.412
-6603.502
-6603.248
-6584.188
-6583.844
-6593.586
-6583.902
-6568.848
-6566.024
-6566.746
-6556.896
-6557.966
-6551.958
-6559.832
-6559.432
-6555.486
-6551.606
-6548.814
-6558.288
-6565.326
-6543.196
-6528.232
-6540.246
-6526.91
-6529.036
-6538.964
-6538.35
-6528.006
-6534.906
-6522.47
-6521.28
-6516.65
-6524.85
-6532.086
-6519.35
-6525.516
-6522.83
-6505.614
-6512.404
-6508.286
-6502.602
-6485.166
-6500.062
-6504.434
-6499.522
-6504.098
-6506.698
-6504.174
-6495.676
-6481.65
-6491.802
-6480.59
-6494.842
-6471.676
-6484.364
-6461.558
-6456.43
-6457.608
-6459.952
-6463.94
-6447.916
-6464.338
-6441.132
-6433.588
-6441.078
-6435.122
-6451.968
-6443.192
-6449.17
-6440.264
-6434.814
-6417.54
-6399.404
-6417.114
-6400.076
-6415.908
-6404.19
-6400.19
-6398.46
-6401.958
-6403.014
-6404.544
-6415.786
-6397.25
-6394.462
-6394.604
-6397.918
-6391.534
-6398.108
-6394.95
-6398.052
-6387.42
-6387.97
-6390.142
-6390.602
-6383.35
-6387.484
-6376.254
-6385.51
-6380.034
-6374.09
-6370.1
-6365.33
-6365.884
-6371.348
-6364.55
-6344.03
-6351.814
-6347.774
-6352.132
-6350.558
-6341.866
-6341.136
-6333.666
-6341.96
-6333.792
-6326.276
-6325.158
-6334.954
-6321.554
-6320.982
-6320.95
-6321.628
-6311.89
-6311.35
-6310.96
-6317.184
-6303.516
-6304.53
-6291.6
-6285.824
-6280.936
-6279.98
-6283.25
-6273.552
-6267.33
-6262.714
-6263.538
-6259.488
-6270.954
-6262.354
-6249.754
-6246.32
-6253.116
-6239.83
-6236.544
-6218.748
-6222.836
-6225.438
-6232.784
-6221.744
-6202.548
-6197.158
-6213.078
-6203.108
-6209.22
-6216.528
-6204.464
-6205.618
-6209.818
-6217.318
-6210.724
-6203.478
-6192.62
-6191.312
-6189.748
-6186.5
-6185.252
-6185.752
-6180.036
-6170.338
-6162.38
-6144.79
-6152.278
-6152.426
-6159.87
-6162.362
-6155.212
-6161.938
-6155.656
-6157.32
-6155.82
-6155.398
-6147.558
-6150.846
-6146.764
-6137.668
-6140.688
-6141.37
-6145.674
-6144.51
-6136.462
-6144.97
-6147.54
-6153.624
-6148.846
-6142.66
-6157.304
-6146.034
-6142.212
-6142.324
-6140.308
-6140.87
-6129.4
-6122.486
-6111.618
-6115.83
-6107.61
-6100.566
-6108.93
-6101.728
-6105.888
-6101.014
-6095.924
-6096.99
-6108.164
-6108.464
-6105.098
-6097.392
-6104.27
-6098.554
-6096.68
-6092.606
-6101.046
-6098.69
-6103.706
-6090.52
-6089.942
-6085.362
-6087.006
-6089.662
-6090.086
-6094.91
-6100.044
-6106.81
-6111.62
-6106.998
-6104.622
-6110.014
-6102.996
-6109.818
-6110.854
-6105.674
-6114.124
-6106.332
-6105.83
-6097.15
-6093.54
-6096.028
-6106.648
-6098.55
-6099.538
-6102.712
-6091.538
-6086.81
-6099.396
-6083.672
-6088.164
-6103.402
-6095.294
-6084.424
-6089.034
-6080.128
-6075.406
-6072.712
-6077.23
-6085.078
-6079.778
-6085.146
-6080.924
-6088.08
-6084.816
-6076.172
-6084.694
-6080.698
-6091.268
-6079.518
-6078.208
-6085.194
-6073.968
-6072.138
-6063.288
-6062.744
-6061.612
-6057.68
-6063.46
-6073.748
-6068.99
-6058.806
-6061.558
-6059.608
-6068.282
-6068.39
-6055.162
-6059.526
-6061.542
-6063.754
-6068.736
-6065.304
-6084.56
-6078.458
-6085.488
-6075.988
-6077.258
-6083.646
-6084.912
-6082.9
-6091.3
-6077.66
-6071.67
-6074.856
-6080.924
-6075.976
-6082.762
-6081.574
-6080.176
-6075.524
-6083.116
-6083.176
-6080.282
-6082.618
-6084.72
-6084.262
-6076.072
-6072.778
-6062.506
-6063.67
-6066.282
-6075.434
-6073.382
-6067.03
-6076.928
-6077.552
-6076.626
-6076.972
-6077.334
-6074.626
-6066.202
-6055.15
-6048.336
-6050.892
-6062.202
-6061.716
-6061.898
-6069.118
-6075.688
-6070.32
-6080.04
-6069.984
-6075.262
-6063.586
-6055.264
-6065.046
-6069.844
-6064.15
-6062.206
-6058.78
-6061.972
-6060.958
-6056.202
-6058.656
-6062.704
-6061.208
-6058.906
-6055.382
-6059.974
-6062.034
-6062.48
-6069.988
-6066.336
-6058.076
-6056.706
-6070.212
-6061.918
-6057.978
-6050.338
-6046.838
-6056.35
-6059.426
-6054.434
-6055.206
-6059.91
-6068.04
-6062.248
-6059.578
-6071.5
-6066.176
-6068.644
-6068.666
-6078.112
-6071.324
-6071.668
-6081.434
-6073.838
-6075.244
-6073.726
-6063.234
-6059.902
-6047.51
-6051.078
-6048.706
-6057.854
-6056.906
-6048.6
-6050.538
-6042.598
-6035.736
-6025.636
-6032.488
-6037.616
-6025.686
-6029.716
-6030.966
-6038.16
-6035.012
-6023.382
-6023.574
-6027.14
-6029.53
-6024.094
-6027.868
-6033.382
-6019.71
-6020.714
-6022.996
-6021.532
-6014.476
-6022.724
-6026.85
-6030.468
-6018.914
-6021.824
-6018.3
-6024.352
-6031.454
-6028.904
-6028.516
-6033.182
-6028.598
-6028.99
-6032.458
-6035.256
-6039.306
-6043.392
-6050.416
-6056.256
-6046.136
-6042.428
-6042.998
-6057.888
-6056.48
-6052.294
-6044.422
-6044.344
-6049.082
-6048.826
-6056.87
-6042.128
-6041.098
-6051.724
-6049.912
-6034.976
-6035.214
-6038.656
-6035.338
-6040.424
-6036.216
-6040.102
-6046.994
-6042.706
-6044.052
-6046.502
-6050.782
-6046.498
-6038.212
-6044.708
-6035.948
-6049.044
-6034.114
-6034.062
-6038.026
-6048.608
-6039.834
-6032.272
-6044.27
-6037.76
-6041.28
-6043.794
-6034.46
-6031.268
-6035.404
-6034.238
-6039.828
-6036.816
-6028.97
-6028.49
-6027.996
-6029.706
-6024.862
-6022.768
-6018.774
-6026.028
-6015.154
-6021.388
-6019.974
-6016.614
-6029.452
-6029.894
-6029.36
-6031.688
-6031.144
-6027.216
-6018.316
-6031.586
-6030.004
-6025.44
-6031.04
-6033.23
-6025.074
-6028.4
-6021.792
-6021.332
-6009.426
-6007.736
-6008.89
-6015.058
-6016.282
-6013.94
-6010.554
-6019.818
-6021.228
-6006.776
-6012.438
-6012.386
-6008.874
-5991.316
-5999.674
-6006.728
-6002.564
-6011.014
-6028.44
-6022.012
-6020.41
-6019.642
-6024.842
-6034.282
-6026.34
-6021.57
-6022.746
-6024.42
-6029.098
-6020.428
-6012.218
-6012.308
-6025.704
-6017.272
-6015.53
-6020.868
-6014.466
-6014.316
-6014.638
-6012.348
-6007.4
-6002.232
-6011.938
-6007.88
-6001.98
-6004.41
-6003.808
-6011.628
-6002.136
-6007.028
-6015.69
-6011.034
-6012.864
-6006.988
-6003.224
-6010.452
-6009.266
-6012.1
-6004.272
-6006.286
-6011.438
-6019.612
-6017.938
-6009.126
-6026.018
-6029.962
-6021.068
-6015.068
-6012.472
-6005.28
-6013.38
-6014.244
-6014.876
-6011.97
-6020.012
-6022.564
-6013.768
-6024.686
-6019.52
-6021.302
-6024.08
-6020.456
-6022.678
-6026.396
-6023.038
-6015.36
-6011.582
-6014.17
-6028.738
-6025.424
-6025.574
-6025.21
-6022.244
-6023.958
-6030.444
-6029.122
-6022.464
-6032.898
-6032.706
-6026.486
-6027.868
-6019.69
-6010.412
-6006.622
-6005.782
-6006.948
-6000.574
-6013.55
-6016.278
-6012.78
-6022.068
-6019.36
-6012.718
-6005.844
-6010.394
-5998.1
-6008.304
-6016.272
-6013.806
-6022.822
-6011.192
-6021.37
-6012.416
-6017.892
-6017.42
-6017.326
-6003.728
-6015.488
-6010.602
-6007.882
-6006.164
-6008.594
-6009.52
-6010.398
-6009.51
-6008.654
-6014.936
-6023.2
-6017.18
-6007.766
-6002.45
-6015.052
-6013.092
-6004.358
-6018.488
-6024.476
-6019.094
-6019.228
-6026.72
-6023.954
-6022.326
-6017.204
-6018.16
-6020.72
-6024.58
-6011.612
-6009.946
-6010.344
-6015.18
-6012.346
-6016.48
-6021.606
-6013.06
-6016.6
-6016.034
-6011.242
-6012.382
-6015.816
-6005.78
-6012.724
-6014.562
-6009.796
-6010.87
-6011.744
-6018.912
-6016.806
-6010.218
-6006.106
-6001.802
-6004.884
-5998.808
-5991.932
-6002.442
-6002.346
-5998.374
-6001.966
-6010.806
-6007.352
-6005.332
-6014.856
-6011.226
