-417911
-405284
-397447
-394004
-391501
-389892
-388118
-386335
-385328
-384030
-383450
-382465
-381822
-381356
-380753
-380053
-379641
-378929
-378526
-378353
-378151
-377688
-377397
-376961
-376541
-376333
-375987
-375457
-375365
-374824
-374705
-374578
-374483
-374316
-373752
-373655
-373507
-373253
-373297
-373103
-372833
-372677
-372715
-372622
-372464
-372370
-372131
-372068
-371672
-371762
-371466
-371487
-371273
-371423
-371402
-371273
-371118
-371036
-370931
-370719
-370640
-370679
-370391
-370308
-369978
-370073
-369941
-370104
-370014
-369656
-369561
-369332
-369162
-369108
-369132
-369208
-369384
-368940
-368970
-368850
-368951
-369148
-368793
-368672
-368509
-368526
-368639
-368469
-368294
-368305
-367833
-368084
-368207
-368267
-367959
-367885
-368137
-368094
-367820
-367930
-367587
-367576
-367562
-367402
-367390
-367352
-367476
-367269
-367421
-367180
-367143
-367192
-366827
-367123
-367110
-367047
-367243
-366897
-367189
-366882
-366599
-366839
-366803
-366910
-366846
-366928
-366500
-366856
-366876
-366762
-366595
-366396
-366794
-366415
-366030
-366203
-366045
-365870
-366066
-366008
-365980
-366017
-365909
-365983
-366088
-366118
-366099
-365741
-365948
-365996
-366175
-365855
-366083
-365903
-365984
-365961
-365943
-366024
-365889
-365964
-365865
-365650
-365793
-365861
-365650
-365731
-365598
-365385
-365269
-365384
-365639
-365317
-365458
-365224
-365422
-365183
-364960
-365267
-365347
-365022
-365080
-365101
-364926
-364877
-364742
-364815
-364646
-364740
-364814
-364642
-364509
-364363
-364406
-364539
-365006
-364741
-364521
-364495
-364631
-364501
-364555
-364697
-364707
-364655
-364527
-364586
-364728
-364557
-364752
-364797
-364539
-364465
-364230
-364272
-364350
-364523
-364259
-364350
-364329
-364601
-364317
-364280
-364212
-364323
-364380
-364298
-364120
-364081
-364125
-363922
-364062
-364623
-364298
-364259
-364401
-364223
-364110
-364270
-364436
-364173
-364214
-364083
-364185
-364076
-364366
-364036
-364090
-364146
-364196
-364005
-363853
-363658
-363804
-363894
-363699
-363716
-363963
-363884
-363756
-363641
-363622
-363553
-363586
-363520
-363267
-363627
-363702
-363542
-363529
-363544
-363800
-363678
-363675
-363758
-363363
-363553
-363570
-363650
-363624
-363955
-363709
-363562
-363471
-363475
-363472
-363671
-363407
-363513
-363733
-363528
-363434
-363653
-363452
-363500
-363515
-363370
-363168
-363354
-363376
-363184
-363449
-363355
-363499
-363436
-363744
-363429
-363419
-363624
-363759
-363255
-363566
-363609
-363664
-363455
-363524
-363206
-363283
-363362
-362975
-363017
-363557
-363388
-363215
-363345
-363215
-363080
-363354
-363374
-363496
-363278
-363691
-363258
-363246
-363138
-363190
-363124
-362930
-363164
-363410
-363198
-363233
-363296
-363291
-363233
-363102
-363243
-363405
-363249
-363073
-363183
-363109
-363027
-362954
-362844
-362949
-362664
-362770
-362876
-362586
-362759
-362794
-363088
-362895
-362905
-362917
-362800
-363091
-362892
-362773
-362641
-362810
-362756
-362882
-362971
-363021
-362932
-362817
-362939
-362940
-362430
-362648
-362614
-362511
-362578
-362823
-362579
-362575
-362756
-362661
-362738
-362836
-362634
-362718
-362505
-362532
-362485
-362437
-362461
-362466
-362492
-362680
-362409
-362610
-362215
-362445
-362264
-362331
-362357
-362294
-362362
-362409
-362266
-362511
-362198
-362297
-362159
-362081
-362131
-362222
-362293
-362364
-362133
-362106
-362149
-362170
-362526
-362355
-362306
-362018
-362105
-362315
-362213
-362554
-362330
-362408
-362328
-362756
-362669
-362630
-362878
-362532
-362999
-362756
-362831
-362930
-362948
-362923
-363153
-363302
-362933
-363120
-362985
-363394
-363266
-363089
-363250
-362876
-362954
-362838
-362841
-362949
-362713
-362938
-362661
-362585
-362823
-363149
-363146
-363000
-363149
-363287
-362637
-363117
-363235
-363435
-363308
-363384
-363407
-363410
-363293
-363121
-363540
-363414
-363469
-363535
-364131
-363455
-363636
-363569
-363076
-363358
-363583
-363222
-363279
-363610
-363461
-363536
-363124
-363466
-363287
