-7346.18
-7843.172
-7744.38
-7634.014
-7568.494
-7482.198
-7452.406
-7430.756
-7361.616
-7306.344
-7304.096
-7254.046
-7243.534
-7200.504
-7183.436
-7165.97
-7143.854
-7153.772
-7123.044
-7142.12
-7118.456
-7131.732
-7119.936
-7085.962
-7087.864
-7073.55
-7076.344
-7098.55
-7037.618
-7055.65
-7035.972
-7009.726
-6987.6
-6990.27
-6983.034
-6972.794
-6982.092
-6972.238
-6975.25
-6993.066
-6950.334
-6957.518
-6962.612
-6939.776
-6976.758
-6984.238
-6987.556
-7005.868
-6998.412
-6972.984
-6952.902
-6939.974
-6965.04
-6955.528
-6961.832
-6963.87
-6943.3
-6964.15
-6960.522
-6949.976
-6955.074
-6986.45
-6976.252
-6984.08
-7025.008
-7008.308
-7016.284
-6962.062
-6964.832
-6954.612
-6946.74
-6973.426
-6957.714
-6978.132
-6957.042
-6968.956
-6937.256
-6949.742
-6970.898
-6981.91
-6989.598
-6981.74
-6981.458
-6933.67
-6926.614
-6932.594
-6929.064
-6913.766
-6897.44
-6902.702
-6908.17
-6944.656
-6954.918
-6981.906
-6997.832
-6971.382
-6956.26
-6967.708
-6953.352
-6960.162
-6952.686
-6958.782
-6955.848
-6966.556
-6964.93
-6960.548
-6976.028
-6998.964
-6995.338
-6995.05
-6962.458
-6971.33
-6956.72
-6984.53
-6950.696
-6945.658
-6969.452
-6977.736
-6977.772
-6962.218
-6982.81
-6974.848
-6958.544
-6981.522
-6957.066
-6947.22
-6971.382
-6925.086
-6962.158
-6960.382
-6955.796
-6971.438
-6967.654
-6965.692
-6963.854
-6961.552
-6957.766
-6969.084
-6948.088
-6950.024
-6956.99
-6935.93
-6919.706
-6937.426
-6951.866
-6958.634
-6947.006
-6925.684
-6928.672
-6920.474
-6904.474
-6932.912
-6911.764
-6916.014
-6920.402
-6890.454
-6915.932
-6903.53
-6881.792
-6841.99
-6865.436
-6875.654
-6850.118
-6856.342
-6876.17
-6866.204
-6850.082
-6858.074
-6865.28
-6878.0
-6898.318
-6851.042
-6878.888
-6889.616
-6849.544
-6857.294
-6860.556
-6894.782
-6890.026
-6871.306
-6862.86
-6847.476
-6833.138
-6808.34
-6808.414
-6808.222
-6812.816
-6830.072
-6851.626
-6860.354
-6847.374
-6828.676
-6810.506
-6792.68
-6784.706
-6805.652
-6790.05
-6758.13
-6775.088
-6779.624
-6757.146
-6745.34
-6741.618
-6728.654
-6744.91
-6717.494
-6704.02
-6711.258
-6697.658
-6700.598
-6678.324
-6674.92
-6665.518
-6645.94
-6630.784
-6618.736
-6611.252
-6587.24
-6579.438
-6575.054
-6539.854
-6541.384
-6564.404
-6558.6
-6555.41
-6534.838
-6523.842
-6513.27
-6527.638
-6544.532
-6539.198
-6533.91
-6513.422
-6510.924
-6501.608
-6467.816
-6466.654
-6460.13
-6459.072
-6441.634
-6422.364
-6416.418
-6413.698
-6416.428
-6418.372
-6394.83
-6384.068
-6389.546
-6367.52
-6372.15
-6382.268
-6360.13
-6341.122
-6346.884
-6354.91
-6343.562
-6355.346
-6360.272
-6329.342
-6334.216
-6331.866
-6333.206
-6343.566
-6340.066
-6335.292
-6367.098
-6351.96
-6352.0
-6333.966
-6343.678
-6342.704
-6350.008
-6345.92
-6323.316
-6331.662
-6339.768
-6337.492
-6335.494
-6347.42
-6350.712
-6348.466
-6360.432
-6349.76
-6361.716
-6356.514
-6377.158
-6359.014
-6365.268
-6359.786
-6350.746
-6334.976
-6310.224
-6300.86
-6313.55
-6280.934
-6293.63
-6294.304
-6302.892
-6295.388
-6303.796
-6307.846
-6314.544
-6296.094
-6305.73
-6316.71
-6309.334
-6280.438
-6308.746
-6316.244
-6309.736
-6305.696
-6316.754
-6317.78
-6310.36
-6293.042
-6281.246
-6280.494
-6277.782
-6277.696
-6268.29
-6271.268
-6265.368
-6259.608
-6293.776
-6280.536
-6264.05
-6253.176
-6243.672
-6273.226
-6274.826
-6275.044
-6271.966
-6268.42
-6278.724
-6269.976
-6271.974
-6277.496
-6266.092
-6267.42
-6268.286
-6258.582
-6248.066
-6262.132
-6269.81
-6255.948
-6253.744
-6237.444
-6240.954
-6238.448
-6238.942
-6245.82
-6254.986
-6252.226
-6245.864
-6238.284
-6223.988
-6223.076
-6238.19
-6226.826
-6214.904
-6209.302
-6213.618
-6213.468
-6217.216
-6220.76
-6219.896
-6219.172
-6222.648
-6225.928
-6232.238
-6233.42
-6227.72
-6225.266
-6212.058
-6216.564
-6227.384
-6236.616
-6221.93
-6209.518
-6194.232
-6197.454
-6185.472
-6189.104
-6195.85
-6207.634
-6201.078
-6209.666
-6196.016
-6187.618
-6199.836
-6190.75
-6180.704
-6195.592
-6195.438
-6182.018
-6163.118
-6174.02
-6166.712
-6175.988
-6168.988
-6153.046
-6168.762
-6167.602
-6173.346
-6157.85
-6167.444
-6160.862
-6162.69
-6166.792
-6172.154
-6189.478
-6186.834
-6191.324
-6188.624
-6176.78
-6194.838
-6186.412
-6172.82
-6179.052
-6183.222
-6167.584
-6168.462
-6172.428
-6199.324
-6225.808
-6210.226
-6203.958
-6202.284
-6213.198
-6207.648
-6216.76
-6209.676
-6191.704
-6188.192
-6174.104
-6178.656
-6159.44
-6173.52
-6173.46
-6185.962
-6187.742
-6176.444
-6183.292
-6188.1
-6201.896
-6181.894
-6180.486
-6203.822
-6196.768
-6196.482
-6204.98
-6217.194
-6211.144
-6210.696
-6183.572
-6174.94
-6180.886
-6183.928
-6167.756
-6169.958
-6151.244
-6150.48
-6148.568
-6150.108
-6163.07
-6169.274
-6182.956
-6176.948
-6171.334
-6171.612
-6186.256
-6202.484
-6192.1
-6182.202
-6183.132
-6171.42
-6167.678
-6193.442
-6205.748
-6201.612
-6204.932
-6205.252
-6196.66
-6186.284
-6180.836
-6202.534
-6196.122
-6190.134
-6190.172
-6191.446
-6187.09
-6181.148
-6189.898
-6175.568
-6160.492
-6162.076
-6163.268
-6167.468
-6166.26
-6162.472
-6163.238
-6158.546
-6154.614
-6160.13
-6157.742
-6174.272
-6177.314
-6176.308
-6165.12
-6187.186
-6187.416
-6184.368
-6174.04
-6164.99
-6163.658
-6171.548
-6153.594
-6154.27
-6147.794
-6156.01
-6145.022
-6137.22
-6136.718
-6137.472
-6128.982
-6141.976
-6146.072
-6157.246
-6144.238
-6135.59
-6129.91
-6131.708
-6148.984
-6148.74
-6159.256
-6152.528
-6148.674
-6165.058
-6172.348
-6167.298
-6168.454
-6153.588
-6153.13
-6150.256
-6146.588
-6149.526
-6147.824
-6152.128
-6146.344
-6139.136
-6136.03
-6144.664
-6134.704
-6149.208
-6141.802
-6140.996
-6147.146
-6149.292
-6163.48
-6162.31
-6151.954
-6143.024
-6149.512
-6162.872
-6160.482
-6151.522
-6149.756
-6155.33
-6152.532
-6141.686
-6132.032
-6135.226
-6145.886
-6151.674
-6150.052
-6132.05
-6140.212
-6136.008
-6119.236
-6137.926
-6140.938
-6122.134
-6129.22
-6129.09
-6134.364
-6127.194
-6118.212
-6129.112
-6135.778
-6124.918
-6121.436
-6131.296
-6124.22
-6132.24
-6118.04
-6122.094
-6125.1
-6144.898
-6157.372
-6164.826
-6163.098
-6152.674
-6137.634
-6126.226
-6131.288
-6135.596
-6125.834
-6133.412
-6129.94
-6133.728
-6136.35
-6150.624
-6168.72
-6157.134
-6151.934
-6143.554
-6153.908
-6152.882
-6173.504
-6184.696
-6178.684
-6161.328
-6162.74
-6159.35
-6158.798
-6145.196
-6124.01
-6125.954
-6105.024
-6107.346
-6101.948
-6113.61
-6118.324
-6113.682
-6118.402
-6112.726
-6114.148
-6115.708
-6115.598
-6115.78
-6110.372
-6106.966
-6112.804
-6115.392
-6124.022
-6149.292
-6134.008
-6130.136
-6136.844
-6140.416
-6139.114
-6133.346
-6126.422
-6123.574
-6119.862
-6115.616
-6115.09
-6116.042
-6129.032
-6129.586
-6117.328
-6114.818
-6109.564
-6110.036
-6100.238
-6103.018
-6096.84
-6093.542
-6102.422
-6100.306
-6101.77
-6103.952
-6109.576
-6113.876
-6119.274
-6112.288
-6123.664
-6116.484
-6111.066
-6104.82
-6094.158
-6106.47
-6101.298
-6105.452
-6105.608
-6109.774
-6104.866
-6102.56
-6098.682
-6103.7
-6098.928
-6084.652
-6093.838
-6082.182
-6079.63
-6077.234
-6080.908
-6082.226
-6077.056
-6086.516
-6077.816
-6080.38
-6084.298
-6076.676
-6079.522
-6084.038
-6090.49
-6091.968
-6081.984
-6092.724
-6086.502
-6079.374
-6078.196
-6069.502
-6070.938
-6064.826
-6078.634
-6080.026
-6070.758
-6061.11
-6056.344
-6069.736
-6076.358
-6068.8
-6057.594
-6068.768
-6080.378
-6070.524
-6068.636
-6074.868
-6073.794
-6083.982
-6070.59
-6067.9
-6067.058
-6060.11
-6062.734
-6060.398
-6053.8
-6058.188
-6069.946
-6062.146
-6063.206
-6068.146
-6058.458
-6064.534
-6066.896
-6077.612
-6088.972
-6087.406
-6080.136
-6092.292
-6091.596
-6102.626
-6104.656
-6102.582
-6092.86
-6075.914
-6074.61
-6066.332
-6054.744
-6046.456
-6049.074
-6041.39
-6050.756
-6049.472
-6045.938
-6049.004
-6044.388
-6050.874
-6052.526
-6050.23
-6045.886
-6043.528
-6052.57
-6069.784
-6078.296
-6082.406
-6086.984
-6089.862
-6086.68
-6105.212
-6086.04
-6071.434
-6061.638
-6063.414
-6057.106
-6051.664
-6055.312
-6061.446
-6046.556
-6046.078
-6052.584
-6048.718
-6045.716
-6056.456
-6057.526
-6064.696
-6053.292
-6057.472
-6063.222
-6068.346
-6068.394
-6057.696
-6061.162
-6070.662
-6081.408
-6083.914
-6076.978
-6063.596
-6059.672
-6058.218
-6050.562
-6062.528
-6071.422
-6062.17
-6056.836
-6050.372
-6056.13
-6051.548
-6050.092
-6051.004
-6046.842
-6041.676
-6040.158
-6035.168
-6035.4
-6054.16
-6044.472
-6052.008
-6061.77
-6054.09
-6045.036
-6058.006
-6057.43
-6058.374
-6058.718
-6067.812
-6055.276
-6065.85
-6048.932
-6049.87
-6051.508
-6047.424
-6060.562
-6048.646
-6051.886
-6047.766
-6056.678
-6051.012
-6057.096
-6051.282
-6056.412
-6055.322
-6054.34
-6052.38
-6045.658
-6047.65
-6057.89
-6065.226
-6050.686
-6053.524
-6059.218
-6054.924
-6037.264
-6045.66
-6043.194
-6044.698
-6046.976
-6048.122
-6048.114
-6033.394
-6038.668
-6052.478
-6033.652
-6039.188
-6047.63
-6042.132
-6040.18
-6035.442
-6039.506
-6041.756
-6042.71
-6049.694
-6030.158
-6031.866
-6030.062
-6031.89
-6022.146
-6038.834
-6051.952
-6043.702
-6046.194
-6048.3
-6044.158
-6047.686
-6063.086
-6055.004
-6052.282
-6050.152
-6052.414
-6042.436
-6052.5
-6046.932
-6042.842
-6044.802
-6037.818
-6029.036
-6025.468
-6032.896
-6038.344
-6043.558
-6046.508
-6047.186
-6051.832
-6034.732
-6044.164
-6043.028
-6035.856
-6038.204
-6053.042
-6054.56
-6062.906
-6050.554
-6058.028
-6054.59
-6061.844
-6053.742
-6045.108
-6042.504
-6042.746
-6040.304
-6043.088
-6044.802
-6039.934
-6039.978
-6042.142
-6029.266
-6025.006
-6031.27
-6026.926
-6041.394
-6040.836
-6050.842
-6063.806
-6065.578
-6060.974
-6061.126
-6057.388
-6069.258
-6059.31
-6066.35
-6057.83
-6039.052
-6032.942
-6033.476
-6026.31
-6037.1
-6042.178
-6034.516
-6028.406
-6022.76
-6013.344
-6011.556
-6015.072
-6016.59
-6026.822
-6037.316
-6026.67
-6041.84
-6040.484
-6046.156
-6043.208
-6046.582
-6047.53
-6051.128
-6037.698
-6029.056
-6025.462
-6035.798
-6028.4
-6031.654
-6014.202
-6003.942
-6005.726
-6012.996
-6017.73
-6012.922
-6006.202
-6011.594
-6021.274
-6027.83
-6041.83
-6040.464
-6032.066
-6044.026
-6049.53
-6058.086
-6059.48
-6059.932
