-10395.761454
-11020.2035678
-11093.4228784
-11070.480758
-11119.55414
-11123.033077
-11139.7446642
-11139.890401
-11115.718119
-11000.7845584
-11121.2989588
-11142.630854
-11079.7421742
-11119.4628002
-11165.7340198
-11100.9881236
-11062.0461816
-11134.2851504
-11113.5532442
-10986.4950072
-11169.6824246
-11186.1100262
-11097.985747
-11113.8856542
-11081.4546994
-11098.8102654
-11172.7594158
-11114.2903082
-11135.585211
-11008.444669
-11135.3947444
-11161.951358
-11209.107337
-11179.3886732
-11100.2775886
-11139.6019924
-11093.9046286
-11223.8064728
-11122.6347048
-10992.5826212
-11096.0118254
-11103.3688316
-11164.8208946
-11137.8534558
-11160.028224
-11170.3430436
-11133.5423486
-11081.6038064
-11134.3234128
-11015.0026286
-11083.1657858
-11147.6503008
-11078.5062724
-11103.8839244
-11198.710123
-11098.5218364
-11146.830027
-11110.5903556
-11114.832559
-10982.4476822
-11123.7132426
-11071.5557136
-11107.1619904
-11186.0161692
-11175.4394902
-11134.6432942
-11185.9283066
-11126.7670826
-11119.701363
-10999.2615486
-11028.104449
-11161.9681188
-11068.8815264
-11090.9441324
-11137.6096972
-11143.8950008
-11142.7299226
-11139.7236092
-11142.911805
-11027.7659538
-11134.696441
-11095.0019618
-11138.948808
-11127.8437294
-11145.163678
-11141.9325456
-11080.0108562
-11115.4333052
-11105.1370142
-10980.3105236
-11106.1590326
-11113.2549256
-11170.7553154
-11104.7687112
-11178.0199536
-11137.5693852
-11149.7645664
-11167.9497554
-11141.742882
-11014.5951334
-11062.3780366
-11084.7834842
-11106.4765306
-11056.495598
-11125.8691388
-11100.3445912
-11118.6776266
-11094.428884
-11109.978303
-10989.0591672
-11124.6990512
-11106.1769426
-11147.326029
-11123.4658974
-11086.9589786
-11068.9303392
-11124.6452588
-11136.541349
-11164.106375
-11046.2710646
-11076.0726844
-11127.5658228
-11158.1698904
-11156.5341452
-11143.3761366
-11114.3413896
-11120.9928068
-11085.0232052
-11070.3030576
-10936.3244898
-10999.3910616
-11068.5790074
-11062.4055146
-11095.9785682
-11141.4942572
-11058.810385
-11077.070224
-11179.0323172
-11078.8497562
-10949.6743642
-11032.622733
-11040.9937434
-11105.8473998
-11036.2305918
-11053.1061542
-11103.4653358
-11082.5637716
-11085.1779676
-11092.5750502
-10945.124508
-11085.1549806
-11096.3145328
-11155.5402254
-11087.458367
-11141.5725662
-11100.5273232
-11117.3902296
-11111.9422154
-11102.164297
-10976.4266952
-11094.262894
-11012.585604
-11053.7349224
-11128.8230798
-11117.002401
-11098.4291686
-11072.9243602
-11001.9815584
-11084.889357
-10958.626884
-11109.4422202
-11041.2781076
-11045.4632758
-11046.9084466
-11086.5103906
-11068.2521792
-11048.0115858
-11063.1742538
-11098.7243826
-10934.8926714
-11048.859483
-11079.0056036
-11093.56917
-11065.6525896
-11063.1582886
-11097.3559298
-11068.380885
-11078.8594032
-11033.2044178
-10896.6960666
-11064.8227636
-11065.9582138
-11039.309031
-11069.8497624
-11110.839051
-11084.8029606
-11062.685582
-11083.4122916
-11127.216349
-10986.5992948
-11035.102045
-11043.3712004
-11067.3863666
-11069.7757142
-11050.8932388
-11165.3860188
-11092.4892676
-11042.7346462
-11069.9803724
-10928.0298068
-10984.9217308
-11045.6489598
-11134.7155114
-11062.3803842
-11051.7026234
-11098.895476
-10991.4443494
-11036.8003452
-11098.642973
-10967.1390334
-11042.634997
-11047.1610852
-11079.5846216
-11110.972334
-11080.8803656
-11042.6237632
-11059.674799
-11020.6060628
-11052.9914442
-10907.6984806
-10969.504502
-11080.3214726
-11015.3920116
-11014.046668
-11006.34426
-11026.4304152
-11046.7913946
-10975.3619672
-10991.952619
-10847.8919512
-10998.7180668
-11045.731448
-10958.0573212
-10949.8179586
-11014.3525208
-10970.9934124
-11010.9774328
-11049.4657388
-11027.5453276
-10883.8914372
-10986.449573
-10991.0731466
-10963.0362122
-10986.6349712
-10946.9980356
-10916.3739942
-11033.5210232
-11010.022142
-10981.639865
-10821.730878
-11009.808996
-11032.0774388
-11015.4558486
-10988.8796528
-11039.2376528
-10992.2345458
-10986.418676
-11009.3798472
-11004.073872
-10838.7414508
-10913.7831572
-10990.682316
-10949.733492
-10931.3618476
-10962.1039246
-11020.6690128
-10987.5697748
-10992.0786454
-10938.2165974
-10765.6831474
-10984.6965548
-10963.0621656
-11020.546363
-10974.2403958
-10976.8546146
-10905.7561518
-10929.318377
-10890.8011276
-10902.4591028
-10723.0877532
-10880.763624
-10895.9858956
-10935.044189
-10950.8889054
-10923.5976426
-10881.112778
-10996.5574574
-10863.4351864
-10954.5916326
-10764.5932642
-10931.144119
-10929.8129466
-10936.5808684
-10974.6588228
-10919.3160302
-10921.478975
-10899.4116466
-10841.0997856
-10887.7580292
-10704.1359808
-10859.560151
-10853.7005676
-10874.2294652
-10853.5225296
-10858.1611226
-10865.8906354
-10855.7495836
-10921.5050364
-10928.582329
-10751.102664
-10845.0048814
-10852.1607516
-10844.0213492
-10806.46792
-10844.1137504
-10863.9483908
-10875.5846396
-10796.169928
-10884.939667
-10690.345385
-10798.8521832
-10786.5167608
-10772.9140508
-10738.433416
-10823.2880678
-10809.6792516
-10773.7401418
-10721.9909126
-10779.5072428
-10574.8796422
-10686.8428276
-10760.398238
-10765.8565888
-10775.3487828
-10726.2293934
-10728.7714074
-10743.0513268
-10753.3947376
-10710.3719346
-10501.2817812
-10627.7159288
-10683.4625214
-10717.9650098
-10707.6223774
-10574.2593536
-10651.7975598
-10662.0061194
-10669.3436576
-10624.7830402
-10420.3457052
-10534.7632672
-10657.4511078
-10655.5620928
-10658.2467276
-10624.7293352
-10644.6446004
-10575.4957188
-10596.1664942
-10611.0714374
-10383.5999366
-10517.7274542
-10578.769534
-10575.8852484
-10553.8303866
-10506.1979386
-10475.230332
-10486.7995838
-10564.878224
-10514.67524
-10271.7156602
-10401.2122062
-10455.6121396
-10478.5088138
-10416.2368086
-10420.1302662
-10347.234776
-10291.6974838
-10252.1520204
-10280.8974954
-10052.4237152
-10104.8137968
-10075.8903988
-10069.1227618
-10001.903322
-9918.101116
-9882.8796274
-9854.7254528
-9826.8509066
-9743.0602376
-9557.2385882
-9560.6898604
-9509.29553
-9442.0796438
-9369.8717468
-9283.2259714
-9174.297904
-9102.533936
-9010.7871968
-8970.9278488
-8894.4364478
-8878.4869564
-8886.5598432
-8823.9279408
-8726.7916524
-8694.2418714
-8644.9774358
-8593.704329
-8549.0608024
-8543.3928152
-8510.0356698
-8509.6668894
-8530.4146996
-8516.9629508
-8505.6012496
-8486.0076628
-8482.0852442
-8494.431022
-8491.2727506
-8498.1455242
-8460.7866062
-8470.9815294
-8438.1750186
-8452.6305026
-8464.3589234
-8442.9071994
-8435.4568562
-8431.3085898
-8418.1007842
-8430.1334046
-8391.854119
-8405.3451284
-8433.256587
-8418.7101786
-8419.0009356
-8433.0919434
-8419.0241162
-8419.7890822
-8423.0704394
-8419.2949898
-8379.4579532
-8394.5849024
-8387.9168044
-8382.823145
-8395.7263058
-8386.4383048
-8358.9591248
-8344.3368966
-8371.672809
-8368.0991304
-8324.1187198
-8347.4775192
-8331.196358
-8334.9207848
-8342.6129292
-8326.9137518
-8308.9183614
-8311.4156476
-8300.0518472
-8297.070987
-8257.84162
-8269.939003
-8267.4569946
-8271.777189
-8258.8555726
-8240.4113212
-8222.4474402
-8232.4905804
-8212.5671034
-8211.3941134
-8139.7910462
-8147.6509596
-8136.5407376
-8160.28946
-8154.1673098
-8161.0266958
-8160.8518926
-8149.112382
-8139.757982
-8114.1845202
-8056.9482906
-8059.3201002
-8056.4566218
-8037.7266954
-8023.929869
-7994.950979
-7977.6111126
-7947.6169592
-7938.8903328
-7905.0785716
-7841.3084348
-7791.7813766
-7767.9744186
-7709.9453976
-7683.9504074
-7644.0242198
-7611.4315062
-7557.772835
-7535.0503654
-7543.5962344
-7484.6880538
-7452.5643312
-7463.9829968
-7420.194442
-7403.4869556
-7367.7672134
-7341.4040354
-7335.8513752
-7325.119703
-7281.85085
-7274.1497028
-7240.8090842
-7225.5506994
-7204.655903
-7200.4490204
-7182.8133452
-7159.3919024
-7172.2753412
-7176.6644762
-7197.3293726
-7162.8293682
-7145.8127626
-7156.5491884
-7144.861986
-7132.8598072
-7128.9018648
-7138.6754406
-7136.0236734
-7093.1708136
-7086.357076
-7078.9381554
-7045.0471296
-7023.4439724
-7020.5263486
-7009.9379384
-7019.2395232
-7023.765227
-7016.8010004
-7020.3198704
-7007.5318038
-6991.5159764
-6987.5660958
-6970.7564042
-6970.2257722
-6938.6906034
-6962.8157218
-6980.4216402
-6978.563316
-6985.6386482
-6963.2379562
-6950.4638206
-6962.8631016
-6933.3550102
-6944.0294316
-6935.8061422
-6923.5971018
-6916.7587274
-6919.5233766
-6905.8425144
-6887.7631454
-6887.279574
-6892.7955428
-6897.9328694
-6898.6743492
-6888.4893186
-6897.0143418
-6875.6265482
-6847.3373724
-6847.0485672
-6851.8079484
-6837.5916238
-6834.7912206
-6842.991453
-6833.653622
-6815.4349394
-6830.0927996
-6835.0583826
-6843.4183426
-6848.2626886
-6835.0824232
-6826.48768
-6823.9627756
-6814.7777478
-6807.2894526
-6801.545677
-6790.5704668
-6806.9577228
-6802.9989768
-6817.2525722
-6792.2023858
-6803.6867014
-6795.7854468
-6785.4771932
-6771.926529
-6770.9327872
-6807.281395
-6803.1322322
-6817.6664706
-6804.1831158
-6794.5388734
-6798.0903258
-6819.2706234
-6814.580461
-6803.3463874
-6788.659508
-6804.0519466
-6807.266751
-6801.0318028
-6809.118871
-6791.330369
-6771.259852
-6763.2419194
-6751.65168
-6749.678493
-6741.7638088
-6709.065989
-6692.4155344
-6696.1196668
-6650.3778722
-6648.9035582
-6636.7348644
-6618.9137728
-6621.298608
-6618.5214278
-6635.9234204
-6605.7259782
-6591.4479446
-6588.6255148
-6594.0152696
-6604.2996784
-6605.1805276
-6596.4779282
-6603.659627
-6597.8722184
-6590.1098422
-6573.0791018
-6569.8216644
-6575.9031182
-6595.094421
-6594.2727384
-6593.3827508
-6588.6231304
-6576.7735456
-6571.0572372
-6576.8347052
-6613.259503
-6622.1314786
-6622.237717
-6629.4732496
-6624.8268198
-6609.0839526
-6604.6896778
-6605.5702172
-6600.2694798
-6591.6574178
-6597.5966812
-6577.603863
-6560.4622808
-6546.9643148
-6550.2412562
-6558.0529038
-6566.8546536
-6531.7998504
-6531.1052382
-6504.301867
-6501.104059
-6509.2489784
-6487.685443
-6497.4571588
-6488.3564526
-6475.1696586
-6489.228801
-6494.199831
-6493.9804242
-6496.483278
-6502.6792516
-6513.2218718
-6491.263626
-6499.8676958
-6499.4265942
-6501.0475496
-6518.2218836
-6489.0446708
-6477.664215
-6500.9929802
-6483.468181
-6496.9174566
-6488.9162256
-6494.7467826
-6482.71025
-6486.883568
-6481.2108794
-6485.5805832
-6483.0394656
-6489.7757716
-6491.0914922
-6475.2568596
-6473.0474582
-6468.0614072
-6461.5325884
-6399.191423
-6399.4097536
-6389.3225044
-6403.5281492
-6400.5479568
-6390.8715532
-6378.117989
-6369.2337848
-6354.3542376
-6361.368152
-6283.8550522
-6294.5655316
-6308.6534264
-6310.6334948
-6307.862651
-6320.9015114
-6324.7865726
-6335.5413168
-6334.3963096
-6332.6895792
-6260.5003626
-6247.2529612
-6266.9151444
-6260.6120046
-6249.4816756
-6239.662248
-6249.4801628
-6220.847383
-6221.8907322
-6210.1967086
-6162.2013016
-6176.0061426
-6177.0169318
-6171.498494
-6178.599839
-6177.267546
-6172.5622218
-6175.0228048
-6154.7081668
-6164.717195
-6122.1552522
-6134.6967422
-6131.615134
-6141.3324676
-6132.3377082
-6134.1320844
-6148.8628438
-6126.870422
-6137.8076218
-6126.695439
-6090.9101902
-6100.9681996
-6103.1862062
-6101.984084
-6107.8961464
-6111.3896184
-6122.8297192
-6131.5525292
-6129.3704498
-6145.4543816
-6103.4591604
-6117.7331852
-6117.562736
-6126.7129494
-6125.9399326
-6117.4424432
-6110.3890206
-6124.7971474
-6118.9390902
-6118.142452
-6080.0790688
-6090.340325
-6086.2809366
-6079.2960496
-6075.4004008
-6085.1445478
-6074.967747
-6076.6290368
-6072.3139236
-6086.860027
-6049.6632226
-6056.1663504
-6061.4496554
-6061.9482448
-6064.3131964
-6079.3969972
-6063.4737122
-6055.7040126
-6053.557143
-6041.3550518
-5998.6470452
-6002.5977654
-5982.1163416
-5976.9304916
-5982.3902856
-5989.1268604
-5990.520169
-5992.8838144
-5993.3607126
-6000.7059684
-5962.5977134
-5975.126882
-5977.352063
-5974.5844282
-5976.4865078
-5987.2726426
-6006.1012312
-6004.8509044
-6015.8929548
-6017.0052254
-5976.4982308
-5985.8323536
-5979.1566032
-5982.3854518
-5978.739224
-5972.6197122
-5966.3573892
-5960.1152266
-5986.8702906
-5994.6571724
-5952.219696
-5953.9776266
-5951.355873
-5940.6764704
-5933.6258558
-5929.901431
-5918.3316042
-5925.122036
-5931.9792256
-5940.8644864
-5922.86721
-5907.4410608
-5903.3814344
-5897.6711428
-5895.1367996
-5900.0278218
-5894.040518
-5888.8484546
-5906.3294704
-5900.4822232
-5873.4680838
-5880.4665802
-5877.49673
-5862.5980514
-5873.3864826
-5879.7392134
-5883.0356044
-5879.2641152
-5868.802746
-5867.0771136
-5843.1991926
-5861.0280502
-5844.1922552
-5837.5152834
-5836.804096
-5834.53514
-5840.7979506
-5835.5784758
-5846.6134638
-5855.582583
-5823.945473
-5830.9413604
-5831.3480936
-5834.5139284
-5833.483166
-5836.9953444
-5837.9277548
-5827.570726
-5836.5862358
-5842.6093102
-5819.9263528
-5833.7821008
-5834.1847986
-5843.3588232
-5837.3791178
-5837.7410734
-5830.2072902
-5842.0759888
-5841.2029016
-5847.6238408
-5828.6892098
-5826.8383624
-5816.9769638
-5814.5711668
-5812.7936338
-5807.9669502
-5813.8208544
-5815.5286602
-5808.3910112
-5806.1294924
-5787.3874196
-5781.1826594
-5784.644511
-5782.5736368
-5785.0136154
-5785.4404458
-5783.8668062
-5791.6766008
-5785.5426508
-5787.380259
-5780.1361324
-5779.359532
-5781.9088728
-5781.377138
-5786.0167032
-5791.7629148
-5787.9067744
-5794.7535302
-5794.398134
-5790.1660662
-5780.5947098
-5778.6422458
-5777.696032
-5794.7677616
-5789.71369
-5794.0101242
-5786.9714982
-5790.9063358
-5793.9165628
-5791.0165214
-5774.9440754
-5766.8110474
-5773.7844748
-5770.8933922
-5770.8479134
-5776.6313818
-5767.312089
-5773.0498626
-5770.6752922
-5770.45534
-5754.7147518
-5756.848594
-5758.4958462
-5762.23571
-5760.9109174
-5762.6162998
-5769.8632488
-5769.8830002
-5781.3932104
-5784.6453826
-5774.3612174
-5771.853849
-5774.2135332
-5776.7681036
-5776.6054944
-5774.064803
-5776.5538062
-5772.0077132
-5771.1261898
-5768.6137454
-5769.545333
-5771.9005036
-5771.6127744
-5769.4333724
-5767.2446272
-5765.6388316
-5769.7201848
-5767.9995038
-5766.2047756
-5765.4446672
-5753.3849344
-5759.2857438
-5762.6550848
-5762.220218
-5758.5336256
-5760.0067702
-5764.7518976
-5761.5408566
-5767.0492302
-5771.1358302
-5759.7342238
-5755.0628236
-5751.1863722
-5746.471802
-5746.8020952
-5747.4358002
-5749.7134872
-5747.5765806
-5744.2118604
-5742.801863
-5735.1775888
-5733.6823494
-5733.5563078
-5739.456245
-5735.9084552
-5739.6292058
-5736.7149364
-5738.5469422
-5738.4123836
-5740.0574012
-5733.4726962
-5732.5360886
-5731.6866822
-5730.737646
-5733.5141054
-5731.3593248
-5726.005711
-5725.3618344
-5727.9583614
-5729.1346516
-5725.2330052
-5720.832614
-5719.1374294
-5725.0044054
-5729.8547522
-5740.0764908
-5739.8569514
-5731.6628998
-5729.1269462
-5732.3822294
-5729.4148872
-5726.700525
-5723.8417152
-5723.2490154
-5727.3519342
-5725.1023386
-5725.2381538
-5725.439304
-5726.1524944
-5729.0335128
-5724.4093396
-5725.3589596
-5728.3315798
-5723.0943628
-5721.498529
-5728.1838496
-5720.8665994
-5721.8385458
-5721.3522772
-5719.8865668
-5719.789577
-5720.9202526
-5716.9677574
-5718.3092428
-5720.290668
-5716.9013758
-5718.7462988
-5721.5453158
-5719.9746922
-5716.669655
-5711.3183318
-5714.6607332
-5709.5141416
-5710.9177704
-5710.2678972
-5710.130989
-5710.9399664
-5710.1740648
-5710.4287234
-5712.717238
-5708.0600796
-5713.5626696
-5715.6403466
-5712.2747994
-5713.004659
-5721.0804366
-5723.0688592
-5723.6940194
-5720.6069148
-5723.1352332
-5711.3739754
-5708.2068924
-5704.6008326
-5704.7383758
-5707.6330364
-5707.0742088
-5708.0886254
-5712.779117
-5705.142526
-5701.5184982
-5698.3082736
-5693.3753008
-5700.9266
-5702.8241156
-5701.2131074
-5701.6031842
-5707.868979
-5702.8245706
-5704.4789024
-5701.5349368
-5694.8176556
-5694.284116
-5693.2391606
-5691.4853022
-5694.2167776
-5692.3494744
-5705.0879248
-5711.8062042
-5713.7115322
-5711.106846
-5701.4636092
-5699.2532532
-5702.1356418
-5701.932468
-5700.048278
-5701.5708242
-5705.8328178
-5708.986937
-5707.7478604
-5711.7049334
-5700.3156738
-5704.5280126
-5710.7826866
-5706.9103686
-5713.9684392
-5712.24371
-5709.9017594
-5707.2917282
-5706.2305552
-5711.1287144
-5695.306387
-5700.4246914
-5699.9577184
-5698.2129746
-5695.5202244
-5699.3922822
-5696.6523722
-5694.298676
-5693.4671428
-5692.5652888
-5682.1997266
-5688.4257618
-5686.3422678
-5689.412293
-5687.0588106
-5685.8898946
-5684.9876664
-5685.2516884
-5685.2789112
-5691.2460804
-5687.1831058
-5691.3295792
-5693.5789196
-5687.1247598
-5685.8671094
-5692.4427766
-5693.0460236
-5690.0468468
-5698.8277784
-5704.2599554
-5692.092978
-5695.6402768
-5704.6567108
-5709.9691646
-5704.2418452
-5706.3393008
-5720.9457926
-5739.8375232
-5729.8332548
-5734.4288622
-5718.292997
-5705.1591582
-5709.1898368
-5711.5925
-5720.4935996
-5729.4607834
-5723.51394
-5716.8456846
-5711.3297308
-5710.8549774
-5696.2405004
-5678.1168344
-5690.8932924
-5693.0380092
-5688.9637132
-5699.307064
-5702.395145
-5714.179029
-5719.7319936
-5734.9870046
-5708.4887696
-5710.1500628
-5692.452134
-5701.9710232
-5719.816308
-5707.3881624
-5714.5727268
-5711.304857
-5703.36396
-5698.5161526
-5684.4516224
-5695.519693
-5699.7464346
-5702.59378
-5701.766849
-5709.3510752
-5722.7692616
-5717.6729144
-5712.549028
-5705.4507496
-5685.4792656
