bin/tsgtest /home/chonger/data/2.pack /home/chonger/data/2.cpack
Reading packed TSG from /home/chonger/data/2.pack
9019 rules
71 NTs
1989 Trees
SAMPLING
-115150.407471
-162910.067682
-156443.424174
-166963.390369
-167594.562366
-171778.410373
-174261.317728
-175723.303490
-177456.229954
-179902.375511
-182012.027144
-182989.398378
-184271.241885
-184851.605728
-185820.796361
-186240.151533
-187268.071430
-188284.699976
-188525.570227
-189549.013248
-189655.754440
-191481.228639
-191701.124251
-191997.207909
-192746.033010
-193738.134481
-193793.669098
-194502.497077
-195492.955773
-195652.543802
-196195.373012
-196131.013006
-196977.566454
-197774.894904
-197572.889560
-197632.378379
-197859.834843
-197074.514658
-197843.493092
-199222.996298
-198679.817740
-199379.581822
-199020.249573
-200058.608129
-200249.090112
-200904.033686
-200959.308574
-201365.677328
-200937.412478
-201173.912017
-201239.578648
-200943.361021
-201563.118639
-201657.420092
-201832.035235
-202070.264116
-201440.018181
-202059.442304
-202697.846323
-202946.216959
-202663.808120
-203207.157891
-204443.674862
-203652.418487
-203488.702204
-203441.311766
-203490.367080
-203754.534530
-203801.898633
-204230.911592
-203567.855388
-203981.287813
-203584.936565
-203555.806627
-203639.044589
-203916.329446
-202968.719538
-203516.121922
-202376.702213
-203325.171205
-203116.563382
-203171.242699
-203544.907791
-203427.981264
-203229.638021
-203624.835969
-204334.910597
-203748.809934
-204152.884173
-204393.414270
-204222.783143
-204428.667899
-204450.883749
-204353.402002
-205044.420264
-204327.120903
-204854.155609
-205224.798158
-204283.689668
-205562.629967
-205336.467725
-204556.478781
-204329.022726
-205360.050112
-205470.810034
-205552.146567
-206017.713345
-205934.008622
-205370.001933
-205149.908060
-205829.838796
-206225.348966
-206103.678793
-206246.286999
-205602.196995
-206396.602108
-205137.534981
-206003.429825
-206469.289087
-206091.316403
-206585.309997
-206239.517003
-206753.131584
-207057.042112
-206928.655031
-207406.375271
-207535.419306
-207420.405461
-206869.364692
-207689.374264
-207288.551519
-208205.803681
-207468.345236
-207628.610977
-207678.578043
-207435.047908
-207900.421092
-206792.840661
-207145.100635
-207960.127574
-207655.790793
-207029.320502
-207294.221714
-207699.442799
-206785.936308
-206809.482781
-206890.414734
-207235.874541
-207096.819419
-206868.758600
-206710.814332
-207354.576206
-207487.858926
-206920.693936
-206387.860440
-207638.624130
-206949.509844
-207133.145138
-207194.226046
-207801.860298
-207583.556327
-207467.398620
-207995.169611
-207251.691124
-207265.386198
-207390.355598
-207580.217484
-207521.558038
-207264.114653
-207403.330534
-207524.445814
-207726.145099
-207196.257164
-207643.625378
-207981.421914
-208014.598313
-207966.257856
-207507.484855
-208121.637292
-207993.406443
-208636.546622
-207975.785365
-207812.124119
-208317.361987
-207970.321879
-207606.180470
-207616.013501
-208250.281075
-208295.901350
-208330.264107
-208590.575882
-208187.812738
-209187.773918
-207984.860474
-208768.145117
-208767.451149
-208727.323883
-209139.576396
-208820.541825
-208803.540807
-208575.602830
-208582.462694
-208489.299815
-208487.278316
-208580.160331
-208649.256328
-208683.945958
-208039.465918
-209125.072233
-209145.718107
-208472.005739
-208821.262984
-208677.655404
-208166.726686
-208564.652633
-208659.431105
-208509.345964
-208591.881504
-208668.162209
-209246.667311
-208484.618348
-209185.208887
-208483.253810
-209204.712315
-208476.180454
-209213.152000
-209422.088589
-209465.830829
-209448.439859
-209473.789175
-209212.530363
-210551.963367
-209876.648750
-209873.865197
-209754.009628
-209502.878644
-209117.695763
-209565.568306
-209218.594500
-209773.266092
-209274.241370
-209839.379051
-209795.000880
-209702.165151
-209626.655092
-209179.333201
-209467.406316
-209451.579574
-209022.401098
-209379.124292
-209444.330922
-209142.608968
-208554.126430
-208758.085863
-209200.332510
-209102.959637
-209232.628592
-209454.872028
-209788.089438
-209218.559402
-209540.292273
-209309.402024
-209014.912130
-208867.717488
-209753.525420
-209759.323085
-209904.426059
-208791.088870
-208727.645529
-209864.682770
-209569.738247
-209614.805754
-209329.597490
-209301.333174
-209190.647369
-209313.378039
-209813.341117
-209228.558342
-208902.400605
-209492.895625
-209420.839192
-209264.053796
-208293.944333
-208570.002661
-208026.282556
-208334.246858
-208264.328555
-208883.843864
-209230.562605
-209106.066192
-209226.792589
-209436.474856
-208559.377985
-208388.782957
-209568.653490
-208976.010772
-208716.418008
-209271.435975
-209129.781315
-208922.294236
-209230.970624
-209325.638233
-209265.834534
-209474.083170
-209489.533601
-210460.003539
-208558.066204
-209213.119403
-208886.528672
-209113.538391
-208986.998824
-208912.567594
-208687.334090
-209019.653181
-208794.024962
-208989.599981
-209042.918757
-209556.426847
-209688.333173
-210051.708074
-209963.141725
-209459.845701
-210001.222112
-209554.716565
-210331.099387
-210230.217058
-210756.481587
-210342.499637
-211486.609636
-211146.854871
-210745.307018
-210672.179094
-211256.831054
-210818.493687
-211328.581257
-210349.279058
-210712.151754
-210664.834052
-210655.138884
-210852.894083
-211259.472856
-211249.503331
-211121.231199
-210453.851956
-209991.854907
-210376.330293
-210425.801222
-210155.483339
-210238.837497
-210395.671051
-210989.387502
-210529.987068
-210585.397640
-211853.831590
-211427.614703
-210850.817551
-211335.091385
-211292.745513
-210906.539880
-211927.095090
-211490.318516
-212105.501609
-211362.786550
-211208.769529
-211131.596631
-210780.842206
-211173.833422
-211133.542038
-211136.400752
-210764.347650
-210864.398580
-211473.577353
-210917.237514
-210414.322493
-210408.123249
-211370.870092
-210999.120533
-210599.278167
-210863.452845
-210645.074739
-211114.279410
-210704.903922
-211170.455208
-211588.015029
-210843.644821
-210836.759718
-210670.017348
-210584.880936
-210646.994727
-210480.796344
-210615.634519
-210839.873969
-210728.597777
-210795.487952
-210961.768867
-210618.986641
-210630.773511
-210645.524965
-210547.706759
-210562.837275
-210189.821050
-210801.242786
-210176.862461
-210841.417075
-210410.653338
-210820.856779
-211366.504879
-210997.646284
-211299.823296
-210959.877585
-210830.823986
-210656.131865
-210651.845498
-210511.710183
-211066.209572
-210992.883992
-211340.175347
-211082.331013
-212068.826614
-211159.267541
-211520.088022
-210926.549116
-211909.583211
-211236.636016
-210739.993952
-211357.848199
-210537.821843
-211085.665995
-211540.025876
-211610.218094
-211053.423700
-211371.753936
-211079.214009
-211326.492770
-210681.479370
-210658.648537
-210825.861717
-210571.553905
-210469.389564
-211017.192912
-210877.558419
-211270.817612
-210799.898083
-211377.400385
-210935.115173
-211088.080379
-211257.094171
-211410.283949
-211627.189620
-211375.226697
-211675.466200
-211111.101679
-211123.220420
-211034.440888
-211304.126858
-211013.494954
-211406.085364
-211182.880053
-211045.666440
-211226.975707
-210780.987707
-211027.047451
-210957.148595
-211553.090478
-211500.980175
-211249.908836
-211006.564737
-210917.311387
-210408.536403
-210864.770964
-211019.622537
-211047.369490
-211006.707861
-210509.810674
-210720.785754
-211817.739166
-211428.010691
-211648.001746
-210809.996347
-211798.792480
-211506.437619
-211487.047250
-211751.315243
-211490.361449
-210706.988009
-210796.467792
-210068.678321
-210896.799637
-210717.309803
-211325.301001
-210883.375215
-210958.386030
-211220.779800
-211601.925069
-211368.851503
-210773.924028
-210566.735673
-211159.145884
-210625.359606
-210844.122631
-210678.155607
-210605.584129
-210404.082040
-211364.346460
-211195.807379
-210563.318879
-211509.694132
-211033.295357
-210913.397557
-210813.083125
-211416.251722
-210807.130566
-210907.443599
-210304.178241
-210398.378236
-209550.458772
-210899.493554
-211016.486587
-211579.116396
-211432.879040
-211282.449470
-211272.521597
-211920.706109
-211183.084151
-211578.194558
-212080.050688
-212194.508953
-212026.838832
-212084.500013
-212238.208774
-211892.199764
-211876.888797
-212576.706100
-212105.292403
-211543.400192
-212098.983464
-211358.392837
-212088.465694
-211369.923782
-210974.425649
-211148.852295
-211417.253891
-211298.107906
-211338.138168
-211214.494330
-211038.784737
-210870.831875
-211004.202972
-210952.195451
-211979.467085
-211131.247905
-211281.625992
-210994.126711
-210484.518095
-210737.520246
-210786.600654
-210894.733867
-210931.536305
-211276.617299
-210988.026053
-210875.816595
-211081.677997
-210705.113484
-211060.844326
-210956.715642
-211286.942174
-211499.056349
-211572.222386
-211227.453428
-211689.524467
-211164.905372
-211057.783159
-211445.947466
-210548.178928
-211428.182484
-211165.199154
-210644.223959
-210349.743532
-210243.128821
-211144.496265
-210594.905058
-210890.976971
-210588.094683
-210611.590412
-210218.130854
-210465.117673
-210599.605211
-209935.704811
-210367.055168
-209767.439920
-210540.260513
-210399.907188
-211246.978885
-210464.068090
-210442.323594
-211339.305772
-211531.562380
-211243.070913
-210639.650220
-211152.413391
-211013.042399
-211257.063853
-210895.102497
-211415.461310
-210767.988877
-211029.630966
-210860.789254
-211031.420070
-211798.988846
-211579.190006
-211861.725067
-211647.379512
-211392.210060
-211935.541580
-212261.160425
-211630.259217
-211819.564594
-211319.234144
-211074.693606
-211960.853671
-211941.436456
-212007.341998
-211575.511649
-211458.490593
-211893.037928
-212039.220628
-211954.479489
-211677.295113
-211696.267913
-212028.599719
-211643.988533
-212020.066892
-211797.789470
-211821.946099
-212295.682440
-211272.268730
-211297.517718
-211820.690113
-211448.071101
-210910.430569
-210976.945168
-211433.384622
-212352.253261
-211132.738269
-211318.346385
-211761.407060
-211019.088420
-211365.061631
-211195.827846
-211469.224448
-211381.350280
-211362.317370
-211464.870469
-211743.089005
-211566.732460
-211525.300940
-211445.027232
-211974.724594
-211728.880454
-211797.459359
-211734.656645
-211950.789915
-211386.686808
-212082.126126
-212415.372492
-211413.379219
-211313.353504
-211336.542084
-211494.916946
-211638.224246
-210757.200379
-210948.952057
-211281.908508
-210912.041056
-211237.602012
-210974.321169
-211156.434643
-210368.199948
-210648.869857
-210425.731593
-210570.763109
-210336.785216
-211130.343147
-211149.075075
-210958.060213
-211241.055587
-210462.198633
-211665.830054
-210016.506284
-210078.676252
-210123.113315
-210790.010109
-210593.610587
-210910.750345
-211401.112201
-210996.395153
-211053.203126
-211067.961641
-210351.051400
-211050.624286
-210489.399716
-211338.976027
-211123.067432
-211630.318426
-211192.740327
-211392.677993
-211000.127978
-211413.692131
-210834.008167
-211012.993429
-210688.204355
-210791.561447
-211220.702559
-211164.085081
-211551.058253
-210901.195490
-211259.699409
-211707.373280
-211407.642921
-211703.917898
-211769.565609
-211641.197140
-211869.606380
-212143.522477
-212008.868918
-211157.621147
-211327.090400
-211268.511441
-211073.527175
-210331.872600
-211658.746871
-211340.445389
-211440.550326
-211897.146007
-211445.640457
-211675.632183
-211268.853622
-211822.339791
-211564.176695
-211263.019561
-210683.814457
-211091.831582
-211030.262163
-211114.824405
-210724.667685
-210493.867392
-210891.518702
-210528.788456
-210612.835031
-210768.851631
-210932.925456
-210906.272875
-210739.066296
-210488.829153
-210497.650661
-210128.229999
-210866.192997
-211066.409723
-210679.723823
-210885.968200
-210853.927987
-210971.301775
-210651.456737
-210883.806723
-210673.845219
-210462.982418
-210403.384769
-210349.155790
-210110.861691
-211220.104933
-210550.999300
-210890.397748
-210639.005843
-210902.455576
-210870.292977
-210422.077264
-210775.177083
-210607.496281
-210780.796548
-210727.715327
-210762.408169
-210608.436374
-210825.110466
-210922.305423
-211633.746417
-210488.167257
-211083.078689
-210622.177215
-210858.936629
-210659.841204
-210903.394280
-210401.045396
-211015.141453
-211260.817226
-211060.840434
-211106.141693
-211329.341580
-211351.627998
-211774.278174
-211008.648109
-211221.291962
-211179.770088
-211222.667167
-210824.593892
-210781.231423
-211341.263217
-210763.882665
-211777.114954
-211267.457831
-211440.521977
-210877.453489
-211085.731977
-211207.924738
-210806.783104
-211205.114497
-211021.703340
-211077.529302
-211860.183055
-211172.397452
-211505.664033
-211195.184750
-211516.206758
-211188.264124
-211435.086721
-211517.409268
-210630.919718
-211182.257335
-211470.843028
-211108.040775
-211268.894279
-211761.935709
-211528.498124
-211459.966199
-211198.002476
-211662.725045
-211144.769652
-211132.445757
-210745.206551
-211265.094085
-211531.348278
-210596.602187
-211093.649335
-211024.923408
-210698.174536
-210957.851568
-211769.638391
-210985.971988
-211257.188556
-211346.407408
-211758.712397
-211621.042132
-211442.934575
-211547.839728
-210836.062683
-210938.085130
-210857.431932
-210849.983254
-211282.541039
-211035.151903
-211560.685852
-211138.550360
-211166.677073
-211535.006218
-211297.694377
-211368.731274
-210756.194126
-210544.644518
-210919.076273
-211405.524550
-210557.894101
-211357.547667
-211194.473221
-210929.140053
-210820.332116
-209840.039527
-210534.901531
-210985.802099
-210807.228649
-211210.150262
-211805.965016
-211718.116310
-211553.851465
-211376.563437
-212232.990367
-211646.733507
-211419.365103
-211557.146881
-211602.475781
-211124.253359
-211311.296600
-211583.944670
-211177.215001
-211468.194931
-211176.099681
-211901.174667
-211610.559446
-211751.070646
-211915.098226
-211686.725522
-211643.671293
-211662.078118
-211881.451892
-211135.212151
-211393.277215
-211727.660591
-211206.330826
-211716.993231
-211610.771703
-211659.662113
-211610.386583
-211315.802497
-211676.632876
-211645.141079
-211501.235677
-211621.044226
-211238.193089
-211541.969897
-211249.353654
-211338.841019
-211099.506797
-211718.543700
-211167.105669
-211135.797330
-211281.334919
-211883.794898
-211770.897213
-211465.701510
-211181.228660
-211793.322284
-211315.225217
-212227.450406
-211766.777814
-211771.261462
-211461.099920
-211649.600905
-211624.016135
-211781.636726
-211848.537723
-211951.966348
-211617.950780
-211655.813931
-210943.186270
-211511.953776
-211128.807669
-210863.612367
-211608.481634
-211514.691074
-210694.701204
-211364.447787
-211303.549918
-211734.962477
-211633.662836
-211600.137094
-211255.511780
-211442.922164
-211791.723021
-210991.603144
-211509.120516
-209647.904873
-211165.591579
-211337.517165
-211286.007221
-211529.418456
-211364.873587
-210887.675867
-210764.735188
-211413.852044
-211137.174976
-210741.876869
-211136.295313
-210855.212167
-210551.765064
-210629.412829
-210517.314430
-210532.247751
-211114.770735
-210837.438284
-211113.376152
-211633.776642
-210857.746324
-211103.413659
-210719.763421
-210476.897573
-210827.470590
-210555.809666
-210503.596187
-210170.090205
-210798.473273
-210611.912271
-210859.905136
-210183.880447
-210130.759520
-210327.437699
-210636.160819
-210990.102414
-211230.854782
-210887.954882
-210235.337794
-210077.087775
-209960.221853
-210114.712100
-210408.049049
-210662.159859
-210579.039425
-211177.139403
-210464.345741
-210131.050254
-209915.726654
-210461.445712
-210117.433458
-210338.474380
-209741.098747
-210315.779222
-210442.614724
-210294.617297
-210005.403341
-210676.713178
-211180.531359
-211225.774265
-210705.503678
-211504.747556
-211216.722041
-210941.702391
-210239.809240
-211030.303239
-210842.762209
-210487.307206
-210247.572392
-210426.032601
-209964.461385
-210722.242693
-210682.297183
-210774.426977
-210553.339808
-210476.849711
-210492.210588
-211008.066127
-211530.876696
-211623.635436
-211243.384298
-211054.278306
-211197.580110
-210961.821911
-210889.712884
-210988.627955
-211237.102962
-210763.757602
-210994.083839
-211050.693441
-211628.843268
-211641.577040
-211034.699647
-211282.829098
-211366.865318
-211389.313314
-211021.481445
-211252.605229
-211571.736503
-211947.151777
-211508.525919
-211415.016708
-211780.123608
-211637.472678
-211789.607367
-210962.231483
-211087.885039
-211268.373232
-211468.867046
-211428.556947
-211234.241383
-211963.128223
-211401.137907
-211478.839343
-210911.820443
-211813.913808
-211412.545387
-211148.336824
-211453.465077
-211545.135135
-211295.463134
-210885.455977
-210795.322419
-212058.244254
-211962.670878
-211806.331621
-211589.390103
-211890.746532
-211589.327579
-211350.584798
-211738.442792
-211849.419513
-212029.479326
-211246.390606
-211724.665075
-211057.457522
-211260.283873
-211646.024311
-211451.890787
-211575.107318
-211533.355627
-211445.920987
-211069.827297
-210894.556681
-211536.065159
-210555.078273
-210975.694750
-211116.505844
-210990.493244
-211148.874952
-210985.351344
-211118.545982
-210855.448536
-210967.506861
-211198.977682
-210468.880734
-211655.296105
-211284.119466
-211709.155857
-211777.616563
-212004.846512
-211910.812987
-210810.964948
-211762.014956
-211115.873979
-212502.981740
-211646.222499
-211748.292688
-211831.725208
-211986.738558
-211854.974498
-212141.584027
-212296.752855
-212275.628428
-212339.157436
-212624.311074
-212017.408089
-212315.243346
-212440.431853
-212650.472519
-212542.098230
-212128.506930
-212262.370518
-211940.592991
-212194.476300
-212353.779293
-212612.110513
-212472.910816
-211382.878550
-211931.537854
-211643.454813
-211698.657072
-212088.263578
-212143.325281
-212515.751402
-212230.468888
-212256.481091
-212520.101461
-212259.674129
-212279.359212
-212300.735190
-212011.802720
-212031.743024
-212150.346617
-212123.520146
-211867.738018
-211558.177883
-212300.462037
-211856.745040
-211896.090039
-211236.377958
-211103.329008
-210575.689845
-211512.880185
-211728.247974
-211801.005578
-211941.446825
-212396.200780
-211618.813696
-211266.578277
-211708.514339
-211342.063063
-211763.516585
-211773.461101
-211636.593824
-211022.506771
-211245.356844
-211422.161189
-211841.891234
-211478.260194
-211218.698784
-211964.451268
-211376.522823
-211540.509690
-211518.435414
-211868.365684
-211655.919920
-212174.795425
-211720.765516
-211552.619067
-211023.715200
-210847.768697
-211002.953314
-211142.251676
-211604.859968
-211856.369186
-211964.155429
-211452.553859
-212028.503574
-210657.409632
-211090.232841
-211027.154818
-211245.028427
-211593.735790
-211274.879702
-210779.483805
-211584.381905
-211237.315265
-210931.893372
-211277.454856
-210709.880564
-211428.222007
-211644.487559
-211292.866194
-211350.734579
-210787.877230
-210482.837593
-211052.775344
-210747.927496
-210857.803376
-211161.734407
-210630.964510
-210752.579687
-211068.401039
-210972.458744
-210929.637001
-211187.989947
-210930.962654
-211092.672809
-211129.857900
-211578.161954
-210666.654799
-211074.518367
-211541.468975
-211630.427654
-211785.153874
-211504.074315
-211880.908199
-211929.353843
-212250.070501
-211487.130518
-211231.027167
-211593.010100
-211282.136738
-211446.567326
-211925.195784
-211762.154114
-211917.803912
-212227.807123
-212292.117829
-212086.383027
-212053.719250
-212130.605672
-212433.673273
-211955.415034
-211993.870177
-212233.306060
-211685.221654
-211850.157483
-211773.174689
-211943.727034
-212372.262084
-211738.261891
-212065.199131
-212132.857915
-212060.536576
-212342.907082
-212361.161411
-212394.562490
-212045.098904
-211683.869684
-211602.433534
-212196.378254
-212392.296785
-211989.036545
-212163.089495
-211632.927869
-212393.661575
-211241.844287
-211992.456969
-212135.668871
-211635.661827
-211927.553389
-212294.197293
-211586.680683
-211887.400846
-211168.132748
-211804.010601
-211701.713480
-211882.310044
-210940.101165
-211990.527814
-211508.487981
-211514.742748
-211244.969933
-211452.525162
-212201.104065
-210694.813576
-211009.175968
-211854.010823
-211591.821343
-211535.911828
-211709.170522
-211693.370427
-211855.033454
-211250.466607
-212016.650496
-211730.925378
-211666.426386
-211844.814969
-211806.962674
-211233.278724
-211442.310433
-211286.760372
-211427.826610
-211724.722053
-211336.349018
-211537.145457
-211588.633452
-211419.662603
-210989.389947
-212116.362186
-212386.631630
-212025.945291
-212547.818912
-212598.122250
-212212.284906
-212173.136368
-211438.303516
-211563.249044
-211515.004031
-211334.133908
-211601.365655
-211320.381443
-211215.273271
-211198.257100
-211007.024041
-210894.686270
-211143.567749
-211436.304067
-211774.545715
-211890.243063
-212019.026469
-211217.011415
-211854.705859
-212229.004003
-211877.161844
-211749.132542
-211520.418561
-211948.870779
-212162.081419
-211816.275642
-211883.700902
-211693.115204
-211464.744716
-211234.996998
-211089.840610
-211252.020161
-211675.294631
-211439.925623
-211519.282570
-212178.484427
-211504.396976
-211390.578599
-211902.353171
-211413.212741
-211958.654250
-211520.346386
-212132.760108
-211585.183905
-211796.611998
-212071.563385
-211980.189881
-211692.481040
-211912.975485
-212638.354097
-212504.664328
-212700.735047
-212184.702492
-210998.893081
-211211.179798
-211031.139736
-211416.572340
-211458.713073
-211032.901122
-211267.570503
-211245.917908
-211401.366070
-211746.020209
-211923.899448
-211788.747372
-211662.289155
-211532.761073
-211511.177415
-210980.726285
-211632.346338
-211893.536256
-211247.497404
-211108.883450
-211109.744066
-211980.462442
-211261.110276
-211349.388798
-211640.525768
-211562.968384
-212251.494291
-212226.869629
-212250.754881
-211798.094037
-212296.415260
-212081.481862
-211765.680436
-212168.226603
-211928.456924
-212414.925712
-211749.572004
-212226.994590
-211570.002622
-212418.749038
-211982.651183
-211674.189990
-212209.310162
-211681.509760
-211838.588747
-211253.760261
-211208.993547
-211420.844146
-211472.340000
-211547.739064
-211159.207186
-211286.847873
-211453.321896
-211532.207210
-211689.532396
-211705.603023
-212390.569318
-212097.335660
-212168.739368
-212032.679471
-211939.063048
-211903.511663
-211556.786024
-211684.230557
-212203.887574
-211956.085480
-212491.779464
-212117.294470
-211961.992387
-211590.830284
-211572.450495
-211814.639173
-211355.580009
-212517.369969
-211755.350468
-212577.356338
-212188.941884
-211694.723436
-211950.506606
-212386.932388
-211912.366808
-212580.725111
-212541.684411
-213050.373689
-212701.870352
-213681.516983
-213138.765697
-213307.245079
-213280.188060
-212752.650077
-213151.854470
-212629.329769
-212689.131825
-213120.361221
-212318.823277
-211973.208245
-212415.758918
-212289.209454
-212248.966195
-212806.422112
-212001.791912
-211871.946829
-211827.066979
-212288.158573
-211804.338510
-212042.357209
-211755.873054
-212485.994875
-211760.396510
-212392.483415
-212110.681278
-212151.415006
-211811.402429
-211804.289813
-211651.835064
-210975.219809
-211203.137193
-211472.143109
-211620.204420
-211142.384103
-211712.709058
-212057.146097
-211974.519905
-212196.082107
-211723.420535
-211886.724794
-211969.663017
-212067.051152
-212392.668822
-211645.467348
-212352.940558
-212907.996939
-211806.051375
-211396.848317
-212231.879906
-211750.885672
-212132.261154
-212242.735451
-212525.800241
-212226.350521
-212307.030369
-212168.867180
-212079.544112
-212474.503630
-212521.520848
-212386.230766
-212697.406636
-212246.118369
-212474.934691
-212411.245841
-212284.354183
-212206.954353
-212506.819240
-212431.973568
-211948.000384
-212279.091331
-212424.130788
-211800.079337
-212172.282313
-212071.353951
-212273.078175
-212048.756288
-212320.352165
-211883.605229
-212366.682012
-212468.888034
-211668.338207
-211242.390375
-211516.663440
-211792.463212
-212105.391311
-212646.009296
-212110.276194
-212785.323004
-211878.758499
-212987.306827
-212157.454000
-212344.023551
-212245.108621
-212339.840915
-212306.091159
-212216.295219
-211869.504129
-211991.727338
-213193.887772
-212266.868650
-212624.187816
-212294.788246
-212506.811837
-211987.377903
-212671.207182
-212502.436121
-212894.712497
-211894.164761
-212967.947713
-212504.908104
-212255.991396
-212204.478120
-212358.499402
-211792.211922
-212541.525713
-211627.579081
-212352.236640
-212188.611896
-212288.398907
-212320.605149
-211484.159829
-212125.416261
-211993.762535
-211557.551478
-212015.489225
-211892.716906
-212152.200210
-212154.299156
-211984.964589
-212983.884497
-212560.025793
-212994.931198
-211938.275983
-211085.321021
-211590.952731
-211911.537596
-211888.974443
-211506.055804
-211535.337905
-211892.148559
-211697.263575
-211606.547371
-211771.308759
-212047.001628
-211880.867297
-211495.423110
-211261.722887
-211677.956662
-210987.819022
-211223.688068
-211101.825593
-211674.996429
-211248.140992
-211417.430941
-211648.271558
-211555.156466
-211554.407382
-211587.622086
-211927.990893
-211510.757960
-211235.451867
-211286.704354
-211831.877353
-212053.158741
-211903.310856
-211573.993686
-212090.501760
-212268.631878
-211801.216393
-211636.198608
-211535.162275
-211414.032883
-211438.718573
-211418.216355
-212045.988577
-211636.026010
-211460.212461
-211104.977563
-211140.231186
-212374.046182
-212030.132133
-211966.938393
-211874.478022
-212534.209457
-211894.706285
-211636.150976
-211328.876984
-212020.435594
-211884.878651
-211128.436462
-211754.952703
-212327.455517
-211731.932821
-211518.216864
-211900.963922
-211691.054589
-211238.136906
-211508.521739
-211362.568067
-211215.884118
-211466.163574
-211244.245928
-211583.013793
-211850.905697
-211675.916238
-211873.718590
-211293.892943
-212092.479579
-211313.899247
-212051.653441
-212039.854933
-211726.668528
-212371.044683
-211980.158083
-211945.960375
-212148.617691
-211760.108850
-212111.764031
-211482.484820
-211028.423612
-211929.557128
-211564.260762
-212474.455968
-211101.428637
-211101.507836
-211098.935657
-211853.489273
-211619.615897
-211627.164269
-211612.058604
-211935.002845
-212064.864821
-211567.410763
-212051.070771
-212418.712030
-211680.845767
-212243.957716
-211781.835519
-212072.901316
-212028.429844
-212311.418371
-212313.226497
-212091.990710
-213082.661577
-212088.248959
-212406.238921
-211840.340174
-212483.881165
-211781.529833
-211962.117469
-211888.083993
-211848.321005
-212047.164906
-211980.710902
-212299.289181
-212334.845943
-211656.428719
-212350.118273
-211979.276051
-212230.683408
-211583.898831
-212745.982776
-211793.230525
-211829.725724
-211774.646379
-212951.309096
-212157.466166
-212242.893428
-212585.195668
-212530.595065
-212502.673517
-212365.098810
-212112.148022
-212072.934837
-211703.893026
-212345.121566
-212294.173696
-212034.408636
-211643.125531
-211873.339638
-211636.843427
-211803.806869
-212060.338944
-211754.880008
-211671.700787
-211706.442909
-212040.464279
-212090.315072
-211667.758085
-212087.912975
-212454.204126
-212320.399488
-212902.960540
-212121.283938
-211914.761504
-211662.114649
-211728.092438
-211469.876934
-212028.236389
-211609.322807
-211587.766841
-211372.620473
-211557.346629
-211932.084119
-211775.654271
-211653.882043
-212147.384411
-212116.428684
-212078.179845
-211520.497049
-211648.753379
-211922.313452
-211731.369524
-211400.622593
-211034.024328
-211994.534909
-211393.345879
-211276.714933
-211200.700702
-211744.759593
-211622.483496
-211406.918451
-211368.869723
-210965.881793
-211236.145670
-211350.517992
-211581.174293
-211436.126304
-211345.969220
-211674.524995
-211413.281737
-210797.742182
-211602.241084
-210971.628653
-211467.576798
-211773.446365
-210456.513868
-210947.672979
-211028.650603
-210789.843015
-210970.874766
-211098.593846
-210955.613858
-210488.862239
-210916.175310
-210615.504719
-211072.123677
-210558.841521
-211039.639894
-211286.246355
-211481.350260
-211430.178120
-212020.113281
-211868.419740
-211883.506058
-211349.018630
-211507.757275
-211946.620269
-211170.679868
-211673.107631
-211778.089933
-211652.309631
-211244.425530
-211825.884753
-211808.552911
-211740.999402
-211622.043551
-211750.983979
-211763.703738
-211446.915598
-212128.552140
-211236.007047
-211942.009650
-211676.111338
-211511.873391
-211802.391823
-211770.613879
-211951.779043
-211131.616812
-211190.421756
-210995.891954
-211210.254012
-210975.239654
-211874.995035
-211744.596793
-211616.527145
-211524.527809
-211401.527577
-211563.185940
-210995.414092
-210957.666760
-210897.315756
-211580.083434
-211150.411773
-210835.877132
-210782.186868
-211316.361841
-210975.780716
-211256.843696
-210937.334473
-210816.040905
-211374.508247
-210363.529987
-210109.149694
-211253.741341
-211079.581871
-211018.582617
-210909.322650
-210890.567213
-210587.010694
-210363.588074
-211201.456098
-211047.184406
-211437.414926
-211418.074034
-211169.166261
-211785.728955
-211660.627315
-211617.421132
-211147.590381
-211289.641820
-210816.875891
-211153.528678
-210528.090140
-211256.901218
-211163.919520
-210554.062602
-210642.609844
-210414.616378
-210359.820436
-210242.526945
-210813.326204
-210895.051264
-211431.068319
-211631.449008
-211056.857030
-211277.943886
-212053.380042
-211686.070076
-211718.233505
-212215.481051
-212254.861141
-212092.913840
-212071.596714
-212113.870803
-211740.042367
-211892.810107
-212196.979812
-211521.751196
-212375.083209
-211404.359763
-212005.820746
-211382.755985
-211769.710175
-211537.939992
-210978.085183
-211781.045815
-211477.109659
-211640.440431
-211792.483250
-211260.269442
-211583.389926
-211614.206887
-211581.987566
-212153.628204
-211642.377525
-211880.718885
-211438.955773
-212209.268473
-211693.094926
-212273.123562
-211796.311950
-212160.158167
-212423.100038
-212094.387318
-213136.319989
-212619.041921
-212652.706755
-213003.563960
-212876.493132
-212765.420750
-212431.557813
-212061.850598
-212246.923043
-212633.444506
-212903.309676
-212917.257311
-212294.482275
-212678.898187
-213053.147012
-212694.893704
-212407.941725
-212614.278111
-212433.268467
-212415.273417
-212343.905139
-212056.397503
-212995.249428
-213259.525222
-212385.275860
-212072.331076
-212250.761680
-212672.703776
-212347.983320
-212120.900208
-211970.292595
-212471.064419
-212725.052951
-212257.006970
-211592.370410
-212232.865017
-212137.372440
-212983.069795
-212290.196834
-212330.694507
-212480.726373
-211931.281410
-211634.331762
-212957.320639
-211911.722470
-212018.195280
-211750.605115
-212589.350182
-211722.342482
-212319.971841
-211792.234085
-211920.684099
-211632.511566
-211492.583177
-211210.041451
-211312.800621
-212549.424722
-212077.954722
-212575.698031
-211593.426149
-212250.254305
-211568.513637
-212223.761489
-211781.111393
-211874.323326
-211475.590015
-211070.290772
-211445.642389
-212265.744536
-211574.668539
-211268.067409
-211341.144674
-211056.320031
-211525.580979
-211511.703319
-211651.310269
-211343.296759
-211389.718699
-211557.226069
-211552.226340
-212125.010220
-211987.429158
-212439.313465
-212508.431311
-211782.991865
-211765.642665
-212285.861501
-211498.824060
-211707.218055
-212138.056546
-211460.230169
-212271.708791
-212199.302991
-213123.309217
-213159.279981
-212863.722212
-213151.053857
-212935.283031
-212743.567403
-212587.208890
-212769.815619
-213323.914602
-212683.291916
-212534.239234
-212756.758131
-212630.953359
-212772.627061
-211696.494695
-211815.403275
-211286.393412
-211621.402483
-211827.031851
-211564.818824
-211392.555918
-211825.511790
-212136.727804
-212466.971134
-212066.072555
-211501.617752
-211671.732511
-211957.571692
-212072.360535
-211608.908979
-212504.524428
-211963.820327
-212707.675947
-212249.169694
-212317.279485
-212017.633037
-211948.923147
-212203.633803
-211622.020470
-211664.373905
-211321.426322
-212536.754101
-211559.162100
-212011.310345
-212091.613301
-212064.754735
-211656.401346
-212019.176396
-211504.808877
-212515.621522
-212112.223345
-212092.244465
-211778.906007
-211605.712347
-211767.770164
-211813.153879
-212020.205634
-211674.043363
-211003.615103
-211245.442649
-212040.239433
-210793.308076
-211928.994389
-211890.377539
-212758.690465
-212875.581859
-211944.122554
-211883.369622
-212203.740950
-211788.261045
-211540.564400
-212090.492062
-212582.086517
-211462.579487
-211680.706333
-211993.457266
-211755.059297
-211274.880811
-211276.780679
-211177.232666
-211697.335743
-211253.281240
-211549.121708
-210606.540837
-211170.370367
-210931.364508
-211672.725289
-211145.509721
-211330.626762
-211843.216261
-211221.217296
-210976.465864
-211235.451455
-211248.306749
-210548.431879
-211431.875222
-210977.872781
-211360.040090
-211088.538070
-211377.804662
-210852.656506
-210653.831161
-210974.912480
-210664.619443
-210778.317334
-210781.964728
-211190.841591
-211074.950881
-211168.307262
-210942.197403
-210408.010995
-210814.743958
-211167.036917
-210522.853194
-211499.210311
-211394.461063
-211045.297136
-210909.368721
-211122.655942
-211575.907023
-211130.996404
-212608.158334
-211346.288215
-211653.094572
-211473.117394
-212134.293938
-211422.289308
-211921.950762
-211445.993285
-211734.152952
-212069.510719
-211868.562498
-211561.972829
-212149.008487
-212256.317328
-211934.652720
-212148.148064
-211557.220774
-211520.414113
-211576.919793
-211421.495342
-211800.558768
-211472.502696
-212199.110641
-212160.457175
-212572.058106
-212037.497928
-211909.320641
-211617.322188
-212053.914279
-211330.682840
-211776.705307
-211430.563404
-212007.940893
-211800.503245
-211460.473207
-212290.142327
-211482.689646
-211807.729346
-211218.730841
-211404.583153
-211650.238197
-211530.561001
-211552.161153
-210945.963784
-211644.899009
-211490.497007
-211366.968593
-211918.600554
-211630.937700
-211721.106707
-211526.321079
-211822.013570
-211654.434750
-212048.604837
-211863.438542
-211338.855303
-211698.960720
-211340.008833
-211550.683011
-211308.227562
-211658.822561
-211712.064173
-211480.656156
-212019.232692
-211324.513188
-211761.059500
-211767.334037
-211638.056603
-211176.629812
-211123.982581
-211348.949570
-211237.848808
-211026.675861
-211255.292771
-211709.716494
-211514.198525
-211352.088020
-211220.980305
-212103.063662
-212106.610403
-212379.468238
-212020.815725
-212401.186795
-212158.698975
-212286.701347
-212325.835341
-212502.271016
-211819.173291
-212318.329329
-212400.609534
-212041.579267
-212162.118194
-211881.639610
-212083.205305
-211972.580216
-212483.781795
-212195.527456
-212243.499777
-212429.340822
-212302.719531
-212396.629738
-212141.098586
-212135.630621
-212730.479261
-212506.621071
-212298.187252
-211952.081312
-212391.559091
-212128.544019
-211839.240749
-211922.218023
-211476.718236
-212063.852699
-211729.203394
-211737.246624
-212206.601752
-212342.123471
-211665.683911
-211741.562605
-211873.449580
-212258.654524
-212401.184273
-212044.825680
-212373.934326
-211476.196053
-211591.082970
-211844.965923
-210636.950445
-211127.667843
-211325.465098
-211088.490739
-211593.042863
-211969.772046
-211893.724166
-211436.543802
-211371.166374
-210791.838179
-211025.242875
-210161.727476
-210665.059961
-211291.760412
-210831.314316
-211318.525515
-211293.734188
-211499.341289
-211379.282472
-211230.830838
-212261.127136
-211732.359872
-211517.702929
-211024.533026
-211812.692375
-211609.716751
-211116.962749
-211037.628592
-211738.888061
-212339.369887
-211390.601449
-211812.249561
-211429.828993
-211631.418205
-211446.489834
-211713.021386
-211348.053284
-211951.522976
-211427.625745
-211603.458514
-212014.809738
-211937.027470
-211138.060778
-211754.892184
-212074.102386
-211444.041073
-211023.468902
-211206.875782
-211731.816864
-211236.853516
-211799.997185
-212089.984650
-211702.347429
-212066.582534
-211760.437936
-211563.125720
-211645.386059
-210764.626041
-211459.418716
-212019.184264
-211725.641779
-211707.023807
-212224.063200
-212147.751973
-211985.920956
-211402.647780
-211986.876284
-211758.039735
-212097.337788
-211364.482083
-211787.994760
-212058.493004
-211694.626051
-212431.486983
-211831.772162
-211216.671481
-211779.286836
-211681.445184
-212074.832816
-211393.398439
-211465.273122
-211105.566713
-211596.631285
-211460.287701
-211257.132708
-210930.143883
-211620.273274
-210985.121375
-211215.184637
-211732.263905
-211230.056966
-211071.611020
-211219.896622
-211076.621937
-210654.656569
-211599.224015
-211119.249464
-211211.257979
-211542.103031
-211069.085889
-211768.080755
-210955.317981
-211466.790602
-210903.947654
-211002.784235
-211114.340488
-210365.542884
-210846.534023
-210970.375191
-211635.907486
-211446.068925
-211562.325986
-211573.528772
-211247.640795
-211206.944107
-211247.725015
-211872.747911
-211273.582493
-211328.015297
-211179.123443
-211197.415441
-211245.828173
-210841.311844
-211160.066568
-211317.522593
-210903.467738
-211448.253421
-211255.657248
-210856.108017
-210807.556669
-211507.476566
-211183.773168
-211315.665328
-211700.715566
-210866.093741
-211191.658767
-211562.928877
-212046.568808
-212204.071807
-211872.342514
-211840.052242
-212062.335298
-211626.061575
-211559.576031
-211187.732803
-210856.792383
-211663.180609
-210417.034885
-210871.947093
-210602.083747
-211096.101582
-211157.091629
-211125.150491
-211352.650814
-211333.159303
-211113.519256
-210952.787799
-211121.007751
-211465.451671
-211787.962461
-211034.390355
-211563.717274
-211191.603321
-211347.602305
-211333.028243
-211755.592742
-211306.393388
-211899.653344
-211615.385988
-211715.029994
-211253.598796
-211108.732002
-211069.918572
-211726.538373
-210714.173097
-211533.560421
-211219.950044
-210949.724404
-211572.287027
-211164.246909
-210898.303015
-211369.262738
-210375.511918
-211529.500235
-211710.501940
-211536.285715
-211144.912201
-211679.104261
-211616.125714
-211222.391738
-211300.947079
-211828.253448
-211305.244439
-211259.881296
-210882.562601
-211024.287956
-211217.973991
-210652.170195
-210781.734112
-211473.925000
-211249.659642
-211626.329255
-211389.310408
-211263.206576
-211348.529970
-211266.236647
-210711.962399
-210970.923007
-211383.367653
-211080.151308
-211079.444816
-211140.491213
-210470.796450
-211153.674977
-211232.586830
-211308.952227
-211406.604807
-211263.461480
-211048.797668
-210503.916439
-210738.954038
-210779.413789
-211407.530123
-211358.512592
-211327.335948
-211605.450466
-211799.406355
-211522.236613
-211441.792803
-211331.024506
-211644.628142
-211272.221117
-212334.898298
-211169.067790
-210792.385611
-211172.071619
-211685.313048
-211252.847511
-210957.182992
-211016.079466
-211075.642897
-211028.306111
-210617.635201
-210583.424372
-210767.472973
-210804.680967
-211102.611468
-210972.090475
-211086.048365
-211333.178284
-211076.041869
-211174.152178
-211361.677141
-211252.547108
-210971.724926
-211613.112421
-211240.201235
-210936.206927
-211208.085397
-211085.589150
-210339.875445
-211250.180123
-211183.788573
-210775.511891
-210999.207196
-211195.143259
-210847.700613
-210391.191365
-210863.562166
-210749.698070
-211278.072021
-212032.657740
-211354.225959
-211210.812361
-211512.743597
-211840.712348
-211029.686154
-211029.410481
-211111.604314
-210719.139351
-211536.510405
-211206.729608
-210998.045910
-211094.378512
-211085.385852
-211773.151479
-211416.769793
-210887.226310
-212000.558642
-211812.317952
-211361.799715
-211992.675430
-211646.502840
-211271.109204
-210895.465846
-211139.623988
-211390.434443
-211410.973897
-211407.428599
-211649.137608
-211221.331585
-210881.868395
-211413.787858
-210903.337183
-211867.417779
-210755.149141
-210939.366519
-210398.076416
-210571.456793
-210985.819264
-210737.974507
-210115.868140
-210613.760511
-210870.981187
-211014.715517
-211328.153541
-211076.577616
-210761.099048
-211371.156268
-211005.847712
-210658.869111
-211077.186044
-210991.491094
-211513.518817
-211133.666770
-211436.056802
-211244.546090
-211453.624794
-211247.820943
-211204.002034
-211385.260613
-211839.879709
-211749.588695
-211912.429022
-211259.905661
-211441.701062
-210599.156582
-211223.494534
-211221.865006
-210877.828122
-211318.643315
-210687.666607
-211315.314284
-210776.125721
-210158.706416
-210241.487699
-210953.991781
-211014.659535
-211069.836025
-211128.597613
-211179.270126
-210759.131395
-211393.208361
-210753.770091
-210782.251451
-211606.070643
-211747.238734
-210805.852127
-211846.731321
-211409.775978
-211780.140758
-211572.560317
-211091.971893
-211429.301814
-210941.597248
-211870.097505
-210583.808716
-210277.225007
-211152.259903
-210685.352717
-210995.240416
-210680.961457
-210896.612029
-210336.534548
-210678.432713
-211111.428708
-210432.678368
-210832.526477
-209930.642776
-210331.553638
-209907.718844
-209650.854531
-210551.111955
-210292.451509
-210282.820085
-210191.999280
-209824.844647
-209217.645449
-210221.628466
-209853.448750
-210133.434322
-210249.769918
-210166.345124
-210597.848459
-210201.692048
-210634.298783
-210544.254320
-210656.202843
-210263.117571
-210233.495634
-211125.858184
-210566.805465
-210857.141214
-210637.970950
-210739.622177
-210702.710830
-210946.085791
-210776.138454
-211530.109650
-210750.932447
-211366.508701
-210940.453498
-211457.963608
-210727.871188
-211602.152305
-211175.051779
-211206.612425
-210971.110806
-211751.784283
-210498.516136
-210788.263233
-210849.444211
-210305.677072
-210907.457125
-210356.589501
-210470.617269
-210516.073981
-210516.087088
-211171.695736
-211090.955131
-210133.938100
-211560.409162
-210958.871666
-211489.549077
-210879.819572
-211590.967902
-211260.583401
-210644.333908
-211732.422569
-210674.304864
-210891.145861
-210380.611984
-210716.387279
-210322.561460
-210461.043937
-210667.459116
-210570.576075
-211106.657011
-210860.739280
-210913.669994
-211012.337783
-210731.648440
-210448.013714
-210848.167820
-210849.416721
-210941.124828
-210968.229599
-211159.337448
-210592.653609
-211211.333510
-211489.347108
-210838.713986
-210257.930649
-210498.922503
-210155.719685
-211080.396003
-210843.454458
-211287.449987
-210960.550135
-211306.017146
-210622.644647
-211726.999545
-211189.721457
-210834.317022
-210919.863808
-211535.228360
-211367.178988
-210751.782378
-211526.291295
-210863.727693
-211090.795071
-211397.540962
-210638.879737
-211051.302212
-210911.989673
-210873.659225
-211120.713056
-211104.900704
-210170.265913
-210229.843000
-210223.008083
-210810.970648
-210225.635903
-210132.554442
-210354.558940
-210393.553972
-210078.917622
-209776.346961
-210491.568863
-210573.937392
-210406.916214
-210732.683629
-209770.474424
-210120.710631
-210590.843693
-210481.610761
-210362.188126
-209845.559455
-210683.421528
-210024.400325
-210150.418743
-210719.560524
-210319.870770
-210912.755320
-210499.036413
-210765.962840
-210657.228384
-211082.783359
-211323.901332
-210384.207591
-211297.392252
-210621.663930
-210034.190712
-210277.018810
-210263.018370
-210696.352431
-210053.731008
-209953.177932
-210030.060908
-209860.581969
-210389.248210
-210697.731064
-210439.931945
-210311.178760
-210392.083256
-210371.998593
-209898.846233
-210715.142644
-210069.527615
-209952.718861
-210563.811361
-210314.713570
-210811.372823
-210092.100358
-210162.925666
-210042.483141
-210749.145479
-209931.015911
-209887.494949
-209637.606824
-209094.856807
-210027.348779
-210435.189189
-210469.402575
-211010.153342
-210649.545308
-210534.398548
-209920.921609
-210616.828533
-210903.407794
-210122.877813
-210347.399370
-210482.632097
-210806.995474
-210490.303984
-210732.145679
-210031.167927
-210486.925614
-210382.828458
-210551.856682
-210688.766797
-210146.335928
-210578.196889
-210036.979142
-210088.818078
-210453.523705
-210469.784636
-210877.067388
-211018.211375
-211011.094144
-211694.251134
-211221.184080
-210504.474196
-211447.499841
-211205.329401
-211289.506158
-211001.717404
-211499.929077
-211213.554899
-212003.822496
-211708.120274
-211570.858275
-211404.535053
-211667.658509
-210993.273496
-211697.152122
-211473.227448
-211083.280625
-210781.892298
-210862.183779
-211325.600742
-211051.144116
-210957.010763
-210920.301270
-211474.560368
-210732.767355
-210919.071023
-210570.664746
-210358.258704
-210453.093059
-210516.784512
-210442.304929
-210985.605899
-210302.063569
-210450.584146
-209899.469964
-209704.889400
-210201.535740
-210235.048115
-209684.182252
-209787.277247
-210265.782064
-209859.319519
-209938.071173
-209696.629407
-210301.520363
-210471.574994
-210298.053092
-210549.892639
-210340.796956
-210391.959196
-211016.284855
-210177.167160
-210962.125076
-210476.548668
-210263.582527
-210810.562088
-210618.813885
-210903.571595
-210051.190953
-210788.864716
-210453.856608
-210008.476433
-209963.709108
-210021.668133
-210119.844907
-210764.831020
-210026.250332
-210467.627745
-210428.360618
-210851.853653
-211382.294565
-210867.904866
-210527.095165
-211231.395627
-210780.377873
-211082.108385
-210822.811727
-210566.801099
-210334.735243
-210350.142492
-210693.845436
-210818.576164
-210072.218268
-210506.456238
-209676.357026
-209829.840025
-210774.010088
-211061.595801
-210596.211288
-209965.361800
-210465.505314
-210239.410225
-210625.972836
-210361.523311
-210571.104048
-209874.751486
-210199.627493
-210845.697063
-210291.538281
-210421.557668
-210845.598186
-210808.931645
-211017.601426
-210813.668866
-209984.513875
-210736.891611
-211044.570141
-210615.172821
-210885.393010
-210742.753666
-210215.726748
-210688.106673
-210490.698730
-211364.838859
-210135.290685
-209975.148999
-210575.476866
-211007.973774
-210218.094647
-209875.212539
-210192.109563
-210374.245207
-210940.232975
-210748.885711
-210369.187270
-210387.330992
-210155.391034
-210108.642187
-209917.070312
-209977.040616
-209950.698930
-209947.401219
-209694.877954
-210153.563015
-210010.047925
-210299.695017
-210549.092085
-211171.188891
-210528.858735
-209838.448998
-209278.675447
-209121.197147
-209079.674705
-209923.584233
-209016.295570
-209885.911832
-209659.321570
-210202.922056
-210202.770418
-209985.459954
-210074.374878
-210087.006353
-209640.941399
-210286.687885
-210083.476503
-210654.399961
-210170.069084
-210315.197410
-209435.000245
-209970.507447
-209380.587432
-209939.430021
-210256.054061
-209869.557738
-209909.012959
-210099.839790
-209516.794507
-209692.619551
-209986.839186
-209674.490022
-210064.771987
-210314.524688
-210535.236641
-210756.212395
-210027.269317
-211079.591411
-210200.392938
-210358.791881
-210402.127528
-210130.325513
-209865.828708
-210320.234508
-209882.441166
-210255.386032
-210043.810857
-210313.693905
-210812.307816
-210770.175938
-210658.657737
-210671.250416
-210842.789285
-209880.440537
-210886.429678
-210567.444529
-210262.627914
-210683.254353
-210680.490058
-210282.455860
-209608.785903
-210393.726751
-209780.458794
-210952.611312
-210187.079961
-209732.338713
-210521.969364
-210762.358732
-210133.160326
-211165.756878
-211341.024765
-210794.602017
-211072.615208
-210361.126605
-211038.609288
-210810.789314
-210536.581466
-210849.803562
-210453.024165
-210700.715542
-210807.149016
-210664.825574
-210495.993928
-211467.069177
-211071.850910
-210750.704498
-210625.897770
-210523.746246
-210782.875107
-210940.674390
-211224.841814
-210975.027620
-210990.208374
-210201.349817
-211182.036009
-210727.363429
-210525.221243
-210491.242548
-210689.801219
-211191.174021
-210647.914200
-210837.019742
-210666.929021
-210829.620380
-210891.417139
-210962.136090
-210989.123756
-210713.009462
-210809.636395
-210995.469666
-210971.261384
-210488.904658
-210628.842372
-210815.618151
-211509.003328
-211229.214110
-211338.010461
-210804.451492
-210949.272897
-211034.900283
-211268.320656
-211365.012928
-211031.290569
-210303.904054
-210445.088019
-210713.695877
-210509.657281
-210531.946222
-210877.514647
-210444.317005
-210459.781208
-210383.091152
-210664.078730
-210316.848071
-210207.479566
-209847.192007
-210331.705334
-210187.922218
-210243.493439
-210496.494033
-210951.075615
-210636.544956
-210127.162670
-210952.704539
-210491.155700
-210704.564327
-211290.128820
-211035.097885
-210866.062185
-210333.224305
-210047.923616
-210297.330462
-210594.318835
-210866.188069
-210516.726452
-209928.752073
-210874.661824
-210241.499131
-210126.954075
-209905.052411
-210291.530441
-210403.978136
-209999.072738
-211060.323969
-210841.739656
-210239.439706
-210447.710431
-210304.847064
-210911.418644
-210397.577738
-210438.758751
-210543.726153
-210751.733587
-210370.304130
-210605.267159
-210486.729738
-210312.239373
-210256.030870
-210400.909939
-210784.828238
-210570.646100
-210631.308538
-210472.020542
-210436.460507
-210200.472314
-210953.103526
-211132.216975
-210793.212202
-210834.487806
-211023.189624
-211185.917322
-210987.862810
-210621.852669
-210830.884528
-210633.827589
-211126.281750
-211050.485448
-210483.315638
-211419.403691
-210890.962496
-211163.948872
-210859.239000
-210985.533724
-210614.497184
-210931.143325
-211286.846006
-210509.612104
-211167.504187
-210478.306983
-211038.325386
-211222.019475
-211274.642992
-210741.347118
-211240.729562
-210718.526813
-211441.505643
-211545.491361
-211001.922920
-211401.593393
-210845.402540
-211180.987016
-210906.800173
-211423.087164
-211257.938729
-211690.104470
-211118.032604
-210797.605288
-211509.663375
-210920.151397
-211692.425126
-211227.659944
-211577.261662
-210838.213235
-211425.345788
-211421.614130
-211860.659757
-211187.481674
-211288.995329
-211204.287367
-211282.068479
-210676.188891
-210991.565346
-211634.918878
-210843.186174
-210545.289696
-210860.355413
-211134.978732
-210774.272057
-210537.301827
-210564.677246
-210760.896127
-210492.729590
-210129.896051
-210326.655022
-210707.960950
-210105.148321
-210640.301370
-210420.193529
-210359.176021
-210729.498339
-210910.274669
-210216.485436
-210293.334296
-210297.665091
-209818.077734
-209814.188528
-210101.005237
-209805.636483
-210084.792930
-209996.419438
-209955.108437
-209889.803582
-210696.880456
-210517.150535
-210394.778139
-209967.164208
-209954.323675
-209722.967431
-209906.635616
-209719.548576
-209898.795615
-209627.016992
-210203.086004
-210662.137916
-210849.145777
-210428.882258
-210709.729566
-210715.250431
-211180.802833
-210851.801762
-210920.508075
-210426.543650
-210376.863226
-210263.313225
-210992.051960
-210142.119262
-209755.000194
-210505.610125
-209964.052250
-210263.904597
-210682.798401
-209584.120686
-210857.775890
-209847.581193
-210996.835793
-209894.320118
-209668.837900
-210473.697719
-210388.362204
-209676.495735
-210082.439154
-210139.626050
-210008.921215
-210161.007883
-210286.085796
-210543.602951
-210132.343403
-210251.207366
-210079.530021
-209757.264322
-210264.548761
-210753.113587
-210698.958685
-211260.748520
-210772.606996
-211091.300240
-210864.899029
-211186.382896
-211073.323536
-210842.645642
-210981.579566
-210791.123450
-211618.929281
-210797.333798
-210986.107469
-210722.685945
-211290.981545
-210979.892659
-210170.706844
-210561.349086
-211194.464470
-210583.870424
-210608.147746
-211099.411855
-211079.144893
-210869.883465
-211437.726312
-211252.390510
-211688.597161
-211082.624888
-212192.767011
-211711.494890
-211517.182375
-211290.506680
-211437.169237
-211412.836350
-210828.117863
-210791.892277
-211026.912278
-210421.101907
-210734.326920
-211358.276459
-211299.606771
-211400.254473
-210872.505015
-210604.354170
-210857.477018
-210731.841277
-210961.087405
-210900.008425
-210541.047454
-211450.436550
-210976.103506
-211036.300394
-211052.419612
-211314.929700
-211762.288757
-211272.873935
-211605.295039
-211459.408326
-211356.563900
-210939.872279
-211746.570807
-211647.772995
-211683.769986
-210699.380283
-211826.335981
-211258.366183
-211341.367762
-211154.938859
-210893.548994
-211291.974196
-211110.954504
-211167.376389
-211558.093653
-211153.692213
-210760.098218
-211103.617770
-211140.977798
-211717.682373
-211315.368574
-211276.770259
-211058.131379
-210680.885825
-210689.290570
-210696.538684
-210509.091031
-210528.082955
-210743.548357
-211608.256104
-210873.731095
-210397.519145
-210644.313032
-210522.695290
-210314.765761
-210370.241708
-210425.005740
-210672.440415
-211079.976462
-210942.748780
-210364.263755
-210957.956378
-210842.428250
-210337.645022
-210977.017547
-210311.543798
-211131.554189
-210234.874690
-210828.191897
-210750.503253
-210500.802397
-210364.254421
-210498.665231
-210297.493810
-209857.414527
-210174.393032
-210417.119923
-210244.328205
-210249.213506
-211297.485379
-210830.898969
-210633.059147
-210744.859598
-210794.065028
-210966.819086
-210212.136307
-210358.822352
-210773.683012
-211003.120526
-211629.868635
-210639.020060
-211359.118644
-211077.884778
-210964.637437
-210750.154598
-211687.535279
-210906.118004
-211922.410646
-211075.859653
-210978.736324
-210886.610832
-210592.937967
-211309.004747
-211620.873543
-211500.653722
-211053.282996
-211407.869813
-211900.897367
-211345.380616
-211786.427245
-211413.995650
-210927.861484
-211089.432194
-211024.705488
-210559.088103
-210681.639783
-210745.026759
-210833.869356
-210882.417999
-210511.636547
-210383.112770
-209884.013440
-210396.583869
-210989.493857
-209958.972900
-210848.854257
-211130.235154
-210856.191148
-210304.923764
-210538.451019
-210371.259860
-210449.552416
-210978.230775
-210872.646364
-210105.708565
-210355.841997
-210278.122914
-210754.723221
-210457.337495
-210128.777903
-210687.936476
-210670.377618
-210376.743623
-210544.433331
-211359.036353
-210453.773968
-210317.218588
-210299.877410
-209754.228712
-210045.194172
-210110.445850
-210657.663940
-210658.182326
-210201.419519
-210520.441942
-210321.666607
-210416.274460
-210426.601350
-209997.820441
-210160.889543
-210170.661375
-209928.285657
-210159.187631
-210292.011971
-210115.560156
-209997.297829
-210269.398360
-210161.041858
-209627.633892
-210117.497633
-209772.262871
-210095.895067
-210607.469030
-210286.824693
-210435.217167
-209792.914163
-210110.993766
-209616.633237
-209279.155510
-209462.516456
-209815.977596
-210013.216006
-210031.416372
-210052.132972
-210243.793793
-209600.680318
-210113.583392
-209938.318208
-209518.255240
-211055.617397
-210313.758156
-211082.974989
-210273.726224
-210430.718656
-211159.929874
-209686.250430
-210465.105901
-211339.596219
-210742.612694
-210660.180995
-211233.981704
-210852.929789
-211169.170295
-210419.560839
-211170.808164
-210417.283934
-210377.328270
-210355.733976
-210329.153301
-209803.699022
-210020.869561
-210325.618293
-209918.928226
-210984.583651
-209990.550918
-210705.010207
-210102.734392
-210154.691679
-209876.178598
-210579.278181
-210393.717405
-210018.632053
-210680.591053
-210230.829307
-210579.868453
-211352.589939
-211093.368225
-210479.346562
-210382.295756
-210314.108292
-210539.479978
-211060.082241
-210917.702912
-211406.030079
-210734.520049
-210401.059459
-210220.432302
-210179.538284
-210880.783452
-210613.474427
-211148.297632
-210345.843686
-210558.697162
-210479.599329
-211190.500232
-210546.693857
-211111.871741
-211753.999691
-211755.930359
-211074.434377
-211038.790584
-210848.514961
-211578.422818
-211069.027951
-210748.868233
-210403.331992
-210717.861937
-210833.944449
-210898.497264
-211130.294918
-210473.030506
-211620.366015
-211129.345550
-211731.472386
-211431.739290
-210905.399671
-211375.515833
-211253.830615
-211473.403597
-211580.158031
-210748.358344
-211576.428360
-211503.055758
-210897.266623
-210304.502566
-211325.931954
-210973.640876
-211291.044068
-211147.443980
-210741.097623
-210538.465773
-210728.155758
-210519.374463
-210544.266025
-210386.341967
-209934.782520
-210569.529383
-209760.418872
-210323.629523
-211177.530501
-210767.763287
-210509.932428
-210599.129059
-211149.467473
-211449.837926
-210726.489333
-210899.722647
-211126.537513
-211326.244181
-211323.911726
-211499.726440
-211405.527431
-211059.725061
-211645.085010
-210682.052853
-210925.147763
-210767.730202
-211282.109501
-211403.828594
-211018.253000
-210849.996555
-211687.170889
-210934.674141
-210479.860254
-210427.821789
-210563.162465
-210557.933898
-210603.672445
-210642.488077
-210447.158827
-210353.566839
-210747.841954
-210992.197998
-209989.879921
-210612.336736
-210830.901886
-210646.138239
-210874.212765
-211164.216844
-211396.701890
-211474.300716
-210930.335939
-210848.385975
-210884.725809
-211056.024484
-211125.634270
-211319.264276
-211019.270652
-211127.456694
-210867.784252
-210618.421006
-210934.679116
-210628.138703
-211332.981699
-210893.092293
-211387.549445
-210926.239480
-210402.050616
-210740.813268
-210795.281333
-210652.908467
-211318.004936
-210638.233173
-210742.024749
-211445.290782
-210490.033114
-210302.700426
-210828.123593
-210921.688734
-211024.710458
-210814.224185
-210440.768749
-210878.675133
-210507.912608
-209616.521945
-210396.767223
-209594.681847
-210635.665406
-210372.509084
-210239.274198
-210675.606237
-209956.763292
-210318.203755
-209900.478768
-210747.069679
-210596.591664
-210871.953831
-210967.966231
-210846.375968
-210150.441986
-210507.830441
-210606.068756
-210816.457824
-211166.804004
-210916.660742
-210715.108127
-210617.494846
-210628.172848
-210316.510525
-209953.528565
-210181.421909
-210162.220307
-209506.558938
-209472.944327
-210082.873955
-210162.626521
-209829.438949
-209672.050894
-210022.109239
-209586.662467
-210041.564862
-209487.049582
-210297.605036
-209503.711498
-210173.066753
-210220.472397
-210078.826740
-210804.518123
-210434.318163
-211265.172320
-211058.215628
-210293.041684
-211020.129562
-211064.622345
-211179.704145
-210738.198721
-211230.503050
-210707.249267
-210333.938279
-210859.819391
-211315.131460
-212004.406951
-211704.297532
-211711.932925
-211720.474332
-212103.907228
-212282.950505
-211642.769836
-211563.423193
-211058.926590
-211358.074284
-210967.441374
-211245.480574
-211214.056616
-210678.710312
-211559.461279
-211403.398939
-211180.698819
-211597.303569
-210954.134351
-211137.935661
-211167.946640
-211316.827328
-211636.548442
-211523.202270
-211801.964894
-211294.300839
-210263.322726
-211039.980402
-210918.628882
-210274.768919
-210434.486782
-210343.203320
-211071.331209
-210150.981353
-210695.376983
-210487.504052
-210893.974998
-210609.423620
-210929.430994
-211401.396789
-210883.579075
-211503.566745
-211176.944454
-211599.193924
-211268.038067
-210420.450709
-210714.345400
-210505.614775
-210934.064864
-210534.382944
-210896.946687
-210774.224476
-210309.418018
-210513.273307
-210527.049845
-210547.244839
-210450.527863
-210679.564182
-211288.483783
-211392.071986
-210792.099215
-211423.013973
-211400.851337
-211096.902597
-210718.798859
-211391.182660
-211022.692365
-211492.656266
-211237.998438
-210624.280706
-210546.228425
-211054.844131
-210772.939103
-210803.902634
-211559.504131
-211698.923860
-211879.654375
-210807.483882
-211529.634710
-211134.636507
-211488.294616
-211600.352373
-211963.379810
-211495.953562
-211593.371896
-211038.389566
-211552.541797
-211477.410168
-211563.970259
-211794.607802
-211200.452354
-210937.838763
-210535.317145
-210534.946143
-210630.542765
-211170.364580
-211020.045631
-210871.778401
-211686.088900
-211313.294259
-211018.563744
-210586.294820
-211073.317845
-211242.993593
-211021.347154
-211104.586236
-210619.157041
-210637.583190
-211070.894060
-210689.447213
-210329.248981
-211092.667498
-210312.614344
-211017.184034
-211464.062740
-211021.578564
-210860.830605
-211052.935313
-210944.290789
-210340.071154
-211174.403409
-210504.730990
-211049.465476
-210761.311141
-210650.119178
-211363.008809
-210890.167926
-210980.018641
-211226.868663
-211070.625661
-210872.565300
-212028.868497
-211046.132669
-210938.811010
-211126.656046
-211086.962965
-211061.202735
-211090.011620
-211101.120622
-210863.044375
-211471.158834
-211478.467389
-212041.936792
-211200.682220
-211229.030831
-210794.797597
-210302.515698
-210501.949761
-211176.691162
-210477.016034
-210519.879957
-210338.321733
-211024.429249
-210748.649944
-210439.612174
-210425.242219
-209833.961420
-210530.610787
-209827.491036
-210403.531498
-211082.356889
-210017.144721
-209885.794352
-210009.117324
-210397.101610
-209879.553697
-210632.818287
-209907.220476
-209958.229752
-210025.536210
-210011.979745
-210416.243443
-210563.965626
-210206.173789
-210908.950569
-210608.898087
-211393.561229
-210378.075123
-210987.023405
-210764.714496
-210690.680161
-210377.235027
-211163.291503
-211393.748834
-211521.804384
-210522.371938
-210930.091565
-211328.362853
-210776.900932
-211670.466996
-210953.306547
-211396.412517
-211750.319323
-211343.876148
-211364.372858
-211727.184979
-210841.318472
-211217.194315
-210340.343120
-210569.894284
-210457.469216
-211081.828371
-211226.381681
-211301.687098
-211099.110857
-210820.488971
-211281.500714
-210713.961198
-211621.914677
-211591.611731
-210935.858397
-210917.379809
-211057.893941
-210989.415791
-210705.159798
-211779.517574
-211199.611452
-211370.151092
-211229.129965
-211566.883315
-211613.551867
-211021.734215
-210810.316660
-210568.630190
-210782.603002
-211156.583150
-210656.779794
-211195.964944
-210880.741967
-210795.611278
-211307.903111
-210292.776283
-211166.718469
-211228.795726
-210978.363525
-211235.315351
-210976.281634
-211442.626027
-211145.202620
-211719.888513
-210989.568754
-211446.725167
-211628.197980
-210968.774459
-211282.510861
-211472.209235
-211353.563766
-211146.606851
-211527.379849
-211194.673577
-211590.161229
-211023.949298
-211427.351601
-211076.882643
-211542.912711
-210691.041731
-211640.488376
-211266.003978
-211272.360310
-211465.596519
-211184.041032
-210378.165114
-210869.243761
-210829.215571
-211274.879779
-210908.576490
-210577.112409
-210937.095509
-210683.918976
-211217.582089
-210969.613525
-210607.777088
-211159.786556
-210621.667612
-210539.763171
-210163.676357
-211516.980537
-210861.530879
-210981.354809
-210729.246120
-211004.006064
-211029.048886
-211209.443360
-211140.938168
-210807.156900
-210879.732460
-210939.614923
-210409.260015
-210546.349517
-210538.748776
-210355.208129
-210597.279424
-210989.730320
-211108.279684
-210980.979189
-211182.068619
-210969.261630
-210954.399795
-210800.077430
-210340.816518
-210837.891125
-210595.727662
-210762.124612
-211401.137959
-211055.020514
-210805.801234
-211225.096297
-210822.393942
-210528.959541
-211476.436989
-211587.970701
-210792.919588
-210926.722592
-211090.688625
-211170.269779
-211093.490822
-211348.147199
-210967.122288
-211038.162831
-210804.474483
-210879.696712
-210549.768724
-211442.365008
-211271.376801
-210882.023297
-210934.743724
-210560.245989
-210468.697556
-210235.154009
-210160.194740
-211304.109963
-210630.340689
-210854.639370
-211248.519712
-211217.274314
-210678.264839
-210920.830508
-210497.664356
-211067.690001
-210704.052145
-211128.472978
-211572.512217
-211338.244738
-210660.440316
-210953.780786
-211402.213763
-211000.757986
-210690.171023
-210161.314211
-210614.087497
-210297.402021
-210591.057145
-210258.539786
-210476.495233
-210588.826280
-210566.822556
-210612.029523
-210347.752122
-210931.969522
-210993.173265
-210674.384236
-210934.667935
-210690.125760
-210758.175301
-210437.572444
-211039.338200
-210488.520364
-210851.679091
-210584.708610
-210625.586077
-210717.935892
-210158.535519
-210625.568667
-210277.869456
-209328.062926
-210262.577262
-211094.595000
-209800.464594
-210800.362725
-210210.248186
-210406.687008
-210536.602409
-210185.921708
-210623.069870
-210514.220380
-211094.618622
-210868.596936
-210641.246334
-210002.967097
-210707.821268
-210136.133288
-210041.975214
-210623.558103
-210430.661000
-210868.335352
-210434.198206
-210847.144986
-210309.868879
-210525.159085
-209949.251091
-210341.381837
-209861.396771
-210319.795685
-210334.591245
-210215.604009
-210160.312040
-210155.596714
-210788.383807
-210488.713617
-210513.481683
-210312.384427
-209863.580358
-209690.214385
-209928.719774
-210461.033428
-210508.256481
-210268.233369
-210670.653825
-209984.003428
-209837.963521
-209568.321371
-209452.962352
-209546.266230
-210173.808229
-210205.471655
-210385.699019
-210482.086851
-210312.701145
-210411.687312
-209452.759079
-208854.391137
-209452.357375
-209522.584127
-209880.446911
-209727.262664
-209763.074238
-209882.806222
-209920.371119
-209666.338542
-210123.294145
-209943.541022
-210096.019898
-210176.801482
-209662.919508
-209431.306556
-209406.339801
-209789.811368
-209802.248067
-210277.515244
-209955.276878
-210184.525770
-209650.451096
-210071.401893
-210206.465961
-210085.313808
-210117.585719
-209656.448943
-209786.726899
-210554.713541
-210309.406364
-210705.625616
-210317.769982
-210797.866847
-210558.976380
-210829.755103
-210694.082328
-210497.615859
-210205.919760
-210618.133651
-210526.345770
-210459.829407
-209754.316169
-210667.997415
-210103.043167
-210662.025537
-210525.000832
-210940.612908
-210479.733563
-210809.291601
-210540.813934
-211265.804117
-210646.765028
-211214.877940
-210857.875004
-210936.926322
-211364.982616
-210687.756053
-210384.153325
-210784.044609
-210558.817172
-211111.315628
-210939.641472
-210960.560169
-210910.185757
-210072.474978
-210164.458594
-210643.761872
-210824.005871
-210786.391973
-210795.743786
-210224.324180
-210605.835471
-210650.958147
-209601.232471
-210676.536378
-210732.391591
-210358.119395
-211084.662490
-210200.976226
-210171.467094
-211195.497990
-210413.902132
-211227.983215
-210440.266173
-210765.974607
-211023.837179
-210860.751529
-210525.974799
-210928.294687
-210359.155722
-211071.973274
-210488.577375
-210250.774078
-210637.036855
-210939.166106
-210922.959105
-210695.822513
-211011.418021
-210860.395427
-211292.643963
-211241.121508
-210803.973973
-210703.307881
-210891.015056
-211370.934342
-211232.874922
-211468.099851
-211164.596587
-210997.486716
-210623.369425
-211253.300048
-211295.488191
-211296.297024
-211135.190111
-211019.505444
-210653.225884
-211181.077050
-211124.310721
-210754.577849
-210768.292305
-210350.582841
-211005.170678
-210812.163102
-211239.171934
-211381.239304
-211150.079025
-211317.632473
-210873.254413
-211208.461778
-211154.404329
-211383.316720
-211530.877678
-210913.360881
-211068.959024
-211284.926746
-211734.021377
-211927.359054
-211190.731919
-211589.009832
-211721.993898
-211601.986159
-211541.242786
-211506.451942
-211559.047091
-211992.509509
-211875.169134
-210901.727548
-211688.951493
-210978.529003
-211025.664734
-211875.881614
-211546.794568
-211450.681409
-211026.202091
-211545.683199
-212076.388777
-211135.176563
-210961.682928
-211826.013974
-210918.275492
-211050.736233
-211252.616335
-210892.877239
-211139.728285
-210766.588764
-210806.614552
-210500.332376
-210937.237071
-211047.195658
-210922.689502
-210944.725682
-211603.284818
-211053.124852
-211290.851751
-210522.723272
-211633.613568
-211107.286824
-211470.686942
-210520.183001
-210849.507804
-210611.536950
-210948.700013
-211170.305166
-210972.136106
-210304.691833
-210545.277530
-210432.227859
-210680.634102
-210546.401897
-211428.651756
-210884.388594
-210663.004683
-211279.325165
-210844.335788
-211340.797100
-211136.949185
-210816.177798
-210475.116028
-210791.843674
-210722.176812
-211195.635492
-210873.323520
-210200.838072
-211033.051408
-210903.202734
-210090.899646
-210770.215457
-210460.726508
-210726.674369
-210371.861942
-211020.146062
-210974.571974
-210897.944898
-210905.258374
-210634.641261
-210843.255493
-210722.772588
-210135.800761
-210093.833257
-210755.915020
-210236.386968
-210356.035524
-209684.100817
-210322.709115
-209535.340782
-209803.391826
-209222.445956
-209355.561175
-209819.888330
-209835.547554
-209818.242814
-210133.758984
-209569.210042
-210306.507821
-209879.104521
-210766.212906
-210136.412565
-210391.681955
-210243.237719
-210168.794379
-210208.478394
-210190.568957
-210414.046252
-211312.195485
-210712.310309
-210032.933638
-210068.411220
-210709.732770
-211277.638521
-210747.631326
-211218.459283
-211042.002423
-210979.482257
-210799.642964
-210952.868131
-210757.103661
-211182.808509
-211127.403562
-211748.902997
-210928.097649
-210720.417196
-211026.083579
-211134.973330
-210185.617520
-210909.388696
-210988.247767
-210966.930880
-210563.682054
-211258.462472
-211017.878879
-211195.930733
-211233.837115
-210850.176241
-210688.388514
-211028.538971
-211413.664416
-210818.472480
-210541.006412
-210689.481847
-210297.349340
-210937.123039
-210271.574443
-210204.779384
-209674.392620
-209741.588286
-210123.390585
-210213.771318
-210770.876076
-210472.276527
-210526.307090
-211156.587856
-211072.581090
-210702.953960
-210389.672092
-210573.063897
-210080.183130
-211097.797293
-210910.703036
-210260.444508
-211184.386762
-210578.702076
-210094.209760
-210445.942038
-210502.451355
-210299.709911
-210505.433503
-210009.444988
-210512.100213
-210544.258432
-210613.663424
-210186.268687
-211266.563059
-211140.792133
-210840.803528
-211038.366989
-211167.299422
-210648.401338
-210647.508062
-210912.655476
-210574.556284
-210188.928888
-210449.935040
-209674.848538
-210738.769830
-210180.055116
-210706.643684
-210259.125489
-210845.913287
-210698.784213
-210401.735794
-210778.139293
-210654.892075
-211258.883679
-211216.520070
-210442.228900
-210940.603060
-211085.922436
-210904.378954
-210232.764751
-210730.559369
-211245.550386
-211227.728057
-211613.415629
-211099.446905
-210917.227384
-211693.330222
-211459.955748
-210753.738326
-211603.743558
-210405.585863
-210665.495941
-211150.644333
-210424.462644
-210403.058470
-210178.621798
-210587.094774
-210863.494879
-211220.524219
-210473.092969
-210911.610680
-210414.459214
-210652.133314
-211420.705609
-211035.977113
-210967.638175
-211056.843619
-211203.152162
-210685.389185
-210512.961809
-211067.972791
-210941.124911
-210901.750654
-211172.375905
-210997.952048
-210189.968676
-210700.181742
-210776.999021
-210923.329116
-210355.244807
-210746.093630
-210969.889666
-211281.480864
-210957.445131
-211656.136833
-210964.350910
-211549.430864
-210792.032046
-210723.834346
-211316.790669
-211408.746415
-211281.482994
-211217.859317
-211007.814304
-210897.879835
-210990.402150
-211009.190934
-210634.646220
-210692.296290
-211034.760662
-210291.812141
-211065.586638
-210734.412811
-211484.484797
-210442.185177
-211076.750435
-211114.454010
-211483.485324
-211231.336645
-210820.621600
-210939.267730
-210680.617121
-211446.576321
-210135.761132
-210785.304793
-210501.696941
-210883.694714
-210617.812434
-210972.263000
-210899.778881
-210769.912030
-210722.483102
-210812.085699
-210365.796743
-210514.972666
-210507.948637
-210756.033647
-210655.770574
-210890.262166
-211623.569183
-210909.449836
-211229.319296
-211241.795411
-211095.284782
-210767.950676
-210956.302650
-210764.720221
-210907.358776
-210419.592896
-210366.445027
-210696.278583
-211229.680233
-210975.184262
-210308.762549
-210544.748380
-210015.920652
-210596.547995
-210516.809983
-210215.637896
-210213.766316
-210291.469548
-210262.153133
-210177.433860
-210419.753533
-210173.054785
-209835.120359
-210184.030060
-210373.529802
-210402.554997
-209496.965899
-209927.145307
-209981.433613
-209913.110818
-209805.631093
-209502.065505
-209744.604629
-210585.452592
-210238.938754
-210430.701186
-210235.193851
-210487.248115
-209820.071516
-209803.881612
-210294.847249
-209968.607769
-210985.649619
-210527.180153
-210605.767737
-210494.629432
-210383.226762
-210866.578869
-210358.639518
-210862.790855
-210571.978137
-211233.123805
-211252.527308
-210070.066936
-211420.452878
-210836.215897
-210404.943417
-210885.570351
-210666.048951
-210776.219612
-210607.867026
-210881.271040
-210781.809128
-210742.206266
-210572.045090
-210611.945405
-210261.922150
-210088.974797
-210108.772522
-210071.499848
-210696.941829
-210412.196627
-210443.240074
-210641.923459
-210540.081071
-210463.535816
-210443.664103
-209841.790999
-210401.595321
-209818.682142
-210543.654882
-210467.634319
-210725.560317
-210312.239521
-211133.028008
-210925.799224
-210975.100386
-209972.692054
-210516.072566
-210359.958361
-211300.675701
-210179.689885
-210546.805654
-211570.900757
-210625.089866
-210494.467461
-211212.828330
-210745.709687
-210529.714536
-210246.775250
-210559.141560
-210393.995124
-210746.012310
-210657.627893
-210365.423427
-210517.031638
-210886.136427
-210645.426521
-210785.607124
-210985.971923
-210435.930230
-211015.848359
-211201.484564
-211065.679071
-210279.088433
-211009.555813
-210808.115496
-210689.996830
-210261.296968
-210850.107110
-210518.487276
-210611.822297
-210994.871009
-210922.747658
-211417.071428
-211471.509967
-211719.709073
-210519.734955
-211295.232129
-210961.568220
-210704.678398
-211555.088539
-211354.840726
-211229.832887
-211248.031670
-211552.825920
-211485.051873
-211491.606635
-211585.473975
-212126.120223
-212094.560959
-211527.659574
-211297.161643
-211632.013352
-211923.818004
-211464.049426
-211206.747369
-211544.518363
-211394.528170
-211823.547890
-211242.216875
-211213.176947
-211320.550941
-211351.386662
-211091.918017
-211457.743998
-211457.310358
-211728.453806
-211771.559083
-211254.638775
-211004.559188
-210590.387584
-211255.350374
-211415.312040
-210760.272288
-211107.723402
-210993.400513
-211093.102704
-211532.742715
-211522.252333
-210717.895815
-211031.160347
-211044.689738
-211386.886666
-211332.298404
-211271.057728
-210837.806295
-211604.981844
-212333.733646
-211453.563461
-212214.930936
-212169.697252
-211927.938094
-212213.510996
-212123.543010
-211717.873285
-212067.981510
-212105.889836
-212302.382374
-212112.189338
-212200.139161
-211947.780384
-212481.587422
-211726.982936
-211873.943955
-211467.115173
-211842.362035
-211843.617572
-211899.277178
-212716.154162
-212152.334561
-211695.127554
-212019.252892
-211666.084444
-211977.840251
-212691.557573
-211665.904964
-211888.642045
-211174.674538
-212044.592776
-211715.741773
-211972.635512
-211328.497204
-211622.881802
-211419.837262
-211613.440125
-210935.623917
-211127.961000
-212039.903430
-211619.197459
-211871.789952
-211279.276685
-211001.524276
-211546.508208
-211960.520795
-211289.809912
-211437.869236
-211765.353694
-211634.356889
-211958.137452
-212096.021272
-211853.999318
-211465.055247
-211220.310269
-211501.661289
-211171.859614
-211245.881282
-211870.641528
-211621.354704
-211908.246457
-212093.356554
-211573.365755
-211854.278141
-212140.842642
-211451.589713
-210954.527076
-212027.109395
-211552.754239
-212257.565929
-211803.528834
-212313.808086
-212276.712031
-211451.133095
-211490.965807
-211676.031873
-212048.708961
-212179.830147
-211397.186488
-211302.567794
-211334.105184
-211868.726760
-211871.216980
-212169.648227
-211912.983638
-212320.462901
-212101.681122
-211752.749380
-211887.452206
-212040.955467
-212413.499835
-212685.628078
-212002.550159
-211586.150213
-211655.771952
-211815.305815
-211514.941062
-211561.954609
-212077.440287
-210664.496358
-211079.431410
-210994.347645
-211317.719428
-211253.384742
-211019.765358
-211755.261493
-211345.833310
-211563.508815
-211899.902309
-211418.842248
-211657.623835
-211551.054151
-212129.653493
-211756.516289
-211901.336451
-212058.534115
-212341.738974
-211456.662339
-212436.260549
-211512.367340
-211848.556558
-211787.057166
-211333.654415
-210839.029917
-211232.752684
-211472.267993
-210700.424793
-211246.566753
-211063.071799
-210821.185385
-211319.482385
-211428.867490
-211574.192366
-211339.774397
-211825.743155
-211421.573585
-211440.831239
-210833.538629
-210987.501899
-210992.979203
-211076.032797
-210956.864813
-211398.553509
-211921.315365
-210984.248248
-211474.048378
-211145.491877
-211606.427598
-211786.001703
-211680.029788
-211589.782395
-212060.429787
-211323.890981
-211155.609061
-211635.860791
-211753.120616
-211275.443753
-211318.221953
-211168.625485
-211670.651458
-210981.312245
-211900.482167
-211667.927402
-211467.778116
-212240.464200
-212601.835414
-211924.143612
-212205.418676
-211725.013388
Writing data to /home/chonger/data/2.cpack
