-10397.8123792
-11047.1931654
-11117.2971734
-11126.4626378
-11019.6016338
-11154.5137436
-11133.326636
-11139.1951058
-11152.3469164
-11031.7763176
-11155.9217442
-11105.6821906
-11136.6127398
-11090.4460142
-10976.5970984
-11190.880934
-11107.4667572
-11107.78939
-11133.1568168
-11015.2693416
-11129.0403862
-11072.8526514
-11154.5199372
-11141.172591
-11024.6819576
-11107.8394566
-11119.2259382
-11179.6330766
-11180.7537242
-11079.3227506
-11168.0904612
-11141.2489156
-11146.8900584
-11101.462709
-10997.4135882
-11134.4444012
-11141.6005954
-11126.5458368
-11154.5622784
-11057.1656356
-11110.4807068
-11116.1780096
-11113.7547424
-11105.907361
-10987.7036378
-11097.984968
-11077.4646766
-11135.742363
-11143.1681258
-11018.1866968
-11123.7014834
-11156.3393012
-11164.8168494
-11124.1174902
-11015.255745
-11110.790944
-11136.0001676
-11076.2734922
-11113.0228738
-11002.2306014
-11106.2452428
-11135.6108886
-11136.473158
-11147.6612652
-11020.0218374
-11095.0113986
-11111.1141782
-11136.5674396
-11138.7675702
-11006.3983782
-11102.4065836
-11123.1749674
-11151.2311962
-11131.0422794
-11015.0198544
-11103.5675026
-11088.077445
-11154.5285838
-11170.4985978
-11040.6584316
-11089.6964808
-11113.1917062
-11071.0541282
-11126.751366
-11006.01423
-11137.2024864
-11103.6993344
-11070.3338322
-11144.7973072
-11016.9265366
-11025.062001
-11130.6200878
-11098.5771804
-11120.1102014
-10995.7785854
-11153.3477828
-11109.203914
-11082.852565
-11136.4792318
-11001.1749174
-11092.413383
-11117.3895518
-11112.087174
-11109.635968
-10969.5784522
-11076.8445298
-11153.8694848
-11108.70806
-11136.1881154
-11004.9792522
-11130.6445604
-11075.9994346
-11105.4201586
-11112.8250048
-10986.4284458
-11054.7220548
-11132.8761816
-11127.1562492
-11163.7256826
-11033.032859
-11131.7237504
-11046.6297572
-11075.9317288
-11136.3578758
-11025.039014
-11065.5593482
-11079.9094942
-11128.5858024
-11048.4711066
-10915.4956558
-11081.5838482
-11053.9245604
-11143.5381848
-11063.3544092
-10925.3157352
-11074.9152462
-11098.8857082
-11085.4490782
-11128.561929
-11006.3391026
-11032.4792752
-11098.7311166
-11051.546728
-11074.4184686
-10921.4110638
-11087.9139304
-11074.2265068
-11138.0475592
-11158.9304668
-11017.6605108
-11099.8258148
-11150.514203
-11111.033771
-11116.872264
-10992.227028
-11101.0023738
-11099.6655938
-11068.0382428
-11065.0354248
-10919.3585826
-11075.096165
-11093.3307594
-11167.4876276
-11153.333861
-11005.656146
-11101.6771738
-11078.073886
-11115.5966734
-11096.6397784
-10961.8738426
-11028.7923026
-11089.8047926
-11071.1352778
-11045.304307
-10915.3177662
-11084.6124922
-11050.231954
-11082.5725988
-11134.6939988
-11006.6561614
-11069.0712746
-11073.2545678
-11027.7632232
-11049.3645736
-10905.5342252
-11065.9462974
-11075.5575218
-11090.3974098
-11115.781962
-10980.5779068
-11060.3378304
-11084.2883708
-11065.8592402
-11043.3880154
-10904.900408
-11086.4796482
-11078.2481388
-11025.2935594
-11077.5885476
-10943.9826688
-11037.1689828
-11044.9269304
-11135.5887526
-11057.4701026
-10903.2595056
-11032.6559664
-11054.5766952
-11043.9920962
-11076.6514008
-10958.7108058
-11038.9859494
-11087.1670944
-11052.8920516
-11015.2734508
-10874.5646326
-11011.5464324
-11065.4465556
-11066.1996092
-11067.9440256
-10917.113585
-11042.8498372
-11035.95729
-11042.6281574
-11018.6655644
-10870.8209166
-11063.9316236
-11066.3040658
-11020.693018
-11046.4316568
-10893.664171
-11015.1871616
-11039.7377454
-11071.982575
-11035.5844276
-10880.0666164
-10999.4271192
-11078.5927692
-11041.1289186
-10984.7983132
-10839.6189362
-11046.037567
-11009.863663
-11041.2601002
-11014.4783084
-10860.7307706
-10977.3250056
-10978.9966252
-11037.5908864
-10968.7277644
-10808.3452448
-11050.306941
-10996.1523608
-10965.9071834
-11030.7666216
-10867.9211784
-10989.2560344
-10998.995299
-10982.524425
-10998.7065106
-10819.7852844
-11007.919533
-11040.7930916
-11028.0744298
-10960.0281326
-10814.960458
-11005.5757134
-10968.3879884
-10952.7226554
-10994.4878814
-10834.9404088
-10942.0443
-10967.381875
-10954.7019466
-10968.8746018
-10798.8798098
-10897.08004
-11003.9926264
-11010.6422706
-10989.217688
-10820.2402066
-10914.9039642
-10962.1320448
-10979.8654752
-10974.946353
-10809.0930586
-10962.2502424
-10996.3888608
-10955.335546
-10948.4308274
-10777.911855
-10877.3113798
-10959.9941236
-10981.1077486
-10992.525112
-10790.1009594
-10955.7784272
-10918.1982922
-10924.5606812
-10976.6674666
-10792.305646
-10922.3405492
-10966.1380808
-10967.9253912
-10958.7205794
-10794.9426534
-10917.3422914
-10949.4327716
-10977.648843
-10962.3413056
-10766.0694126
-10927.1342494
-10868.7551342
-10841.0472716
-10866.5843382
-10678.6003306
-10816.332068
-10824.7963162
-10830.7689486
-10839.003905
-10631.1084164
-10788.9433292
-10878.5524156
-10844.299061
-10843.2407786
-10641.3471454
-10784.7652446
-10859.2351378
-10882.4108426
-10885.4704336
-10695.9501706
-10853.361605
-10834.8578858
-10804.0445726
-10842.494631
-10636.508921
-10751.0975652
-10771.9113862
-10814.8803392
-10795.271937
-10569.4728652
-10789.2414022
-10821.1288192
-10778.1728548
-10782.3478602
-10596.0163724
-10704.010256
-10717.3018744
-10725.0134656
-10733.469396
-10524.034655
-10660.8761968
-10677.7147366
-10724.3990076
-10722.452022
-10503.7045142
-10636.5446922
-10634.9307906
-10675.1386746
-10546.2610794
-10324.0257884
-10513.3200208
-10566.9795274
-10603.4467014
-10607.3939058
-10384.4235618
-10506.360011
-10613.0455672
-10597.5826806
-10631.6577248
-10418.6710954
-10544.8642264
-10543.8653266
-10525.0991306
-10567.9882302
-10363.2210878
-10493.5722564
-10483.6942894
-10504.6529478
-10519.2491896
-10280.693322
-10391.991861
-10378.098276
-10341.1310292
-10349.1569262
-10118.7749582
-10287.1412362
-10276.2898298
-10350.820753
-10337.7967812
-10103.4522134
-10164.2320522
-10141.5999162
-10125.677314
-10123.0553274
-9912.2086588
-10001.6992022
-10002.3585818
-9941.274788
-9952.3914392
-9752.1076554
-9801.3435582
-9773.7535538
-9690.6128124
-9615.2212542
-9438.9271134
-9481.6283896
-9412.1128872
-9361.482746
-9205.5106494
-9098.17631
-9119.4584816
-8966.6201286
-8853.20307
-8783.9976838
-8719.4974512
-8705.387054
-8693.738863
-8681.3979298
-8621.2377828
-8564.033824
-8560.1060788
-8536.9240336
-8536.310887
-8529.6980412
-8481.4757008
-8504.2550716
-8519.7740054
-8521.5223696
-8526.5203788
-8483.6871578
-8513.8600612
-8520.722872
-8516.4534868
-8503.6189698
-8452.1746082
-8484.5178804
-8492.1953496
-8478.8994206
-8475.829851
-8437.1817134
-8459.192798
-8462.9639196
-8455.5736672
-8463.8634018
-8412.4667026
-8439.656504
-8453.364121
-8429.5963722
-8432.243342
-8373.4849952
-8399.6965714
-8422.5819914
-8402.8089568
-8407.116785
-8341.9870174
-8380.4417994
-8367.5610138
-8358.112526
-8349.6424436
-8288.5940104
-8339.813688
-8328.0235734
-8337.4711452
-8330.573875
-8264.2322392
-8286.2949106
-8307.5701234
-8313.9244092
-8319.8184672
-8247.3792768
-8275.124518
-8277.0953658
-8289.5080798
-8274.7178184
-8222.496192
-8234.7794592
-8242.462963
-8219.3100658
-8202.3083104
-8136.162812
-8162.7931956
-8189.3076518
-8177.4307092
-8179.797516
-8094.1442352
-8065.3879654
-8063.7996486
-8068.1924674
-8068.6782906
-7975.3509556
-7959.7850254
-7952.8930906
-7969.3694396
-7977.2507892
-7890.6167544
-7884.788811
-7911.548977
-7868.8669512
-7832.3210734
-7754.3363846
-7732.565082
-7748.207375
-7672.2140824
-7644.5614068
-7578.31891
-7548.8845592
-7518.3775424
-7495.6363646
-7429.168095
-7394.7038938
-7373.8682092
-7349.9792256
-7347.8447182
-7336.070854
-7323.324332
-7296.964867
-7292.7213622
-7291.9737724
-7251.5628264
-7230.6244276
-7236.222834
-7242.5031232
-7238.4281334
-7235.3038096
-7218.7956556
-7233.4528338
-7182.598796
-7195.1847526
-7157.1753406
-7126.0225642
-7113.9864142
-7057.6200558
-7022.1730634
-7019.5508212
-7023.4079306
-7035.0407206
-7017.1425564
-7055.8790154
-7027.141956
-7050.4687832
-7067.4703202
-7066.7538446
-7068.0720486
-7073.433054
-7066.3757896
-7080.7751512
-7072.2124136
-7056.7926738
-7043.1181942
-7020.1934514
-7012.273268
-7013.1954088
-6972.3208506
-6963.2723594
-6963.1811034
-6969.3748094
-6976.583527
-6956.8531656
-6948.224137
-6911.9312308
-6897.9104184
-6888.088772
-6872.8538808
-6880.2876388
-6889.8372044
-6853.3584488
-6846.7954514
-6850.6035302
-6850.719971
-6860.2075988
-6865.9887522
-6874.809159
-6867.8605502
-6866.3580824
-6867.7226196
-6872.954907
-6874.3985746
-6869.4061774
-6850.1848072
-6867.9007954
-6842.1064824
-6824.5066396
-6807.1853044
-6811.063901
-6819.5177068
-6794.0195148
-6784.3672404
-6787.7067502
-6748.6712418
-6737.7259088
-6720.238311
-6708.2380586
-6687.445765
-6689.2275336
-6681.1646508
-6652.7189416
-6646.6842534
-6668.6506872
-6660.6284292
-6672.964205
-6651.9990284
-6643.0931346
-6639.4267026
-6631.484097
-6614.6933334
-6607.8015808
-6615.218188
-6598.3798466
-6590.1635164
-6584.5288194
-6588.8416282
-6586.749513
-6589.5389866
-6600.4481656
-6611.029798
-6634.0022068
-6638.0579528
-6660.3080714
-6657.2441452
-6643.7038594
-6682.4394588
-6692.366967
-6676.5253094
-6678.959522
-6669.7676554
-6660.9746916
-6681.9464876
-6662.2436408
-6632.7839898
-6644.0983884
-6632.2033806
-6648.5631514
-6643.5196326
-6640.9576554
-6665.9139388
-6655.4383786
-6632.467706
-6616.071448
-6613.24799
-6624.1372914
-6644.5408924
-6623.555749
-6617.4196838
-6620.1230036
-6596.306505
-6570.5436894
-6571.197125
-6590.1102224
-6579.5416116
-6568.4198138
-6554.993986
-6563.65007
-6548.1104812
-6554.8940622
-6548.2336306
-6554.2752554
-6575.0999916
-6556.1215486
-6555.4915892
-6552.3376104
-6548.654974
-6534.3433972
-6542.3759986
-6548.4955372
-6548.0880346
-6558.8869438
-6562.463598
-6590.460774
-6570.972161
-6573.6181628
-6591.3550242
-6589.5603654
-6593.13352
-6604.3568804
-6592.9804108
-6586.7648682
-6592.5385766
-6600.7718548
-6595.8374946
-6601.2993242
-6592.3697826
-6593.6572296
-6585.9112512
-6587.3459476
-6594.7521182
-6573.5907002
-6583.0669432
-6575.6949218
-6539.4045192
-6552.8625824
-6538.1695058
-6554.1291996
-6548.2747718
-6530.7040984
-6551.1863202
-6521.2499242
-6524.3721628
-6518.6681488
-6529.2704606
-6527.599461
-6521.8010214
-6508.4476696
-6507.7948906
-6508.630425
-6469.2759912
-6478.7807316
-6469.107844
-6459.5822178
-6470.4301864
-6407.1739726
-6393.79259
-6400.1932384
-6396.3466836
-6400.0850222
-6341.786956
-6330.913661
-6324.1068424
-6330.7748916
-6316.6441356
-6260.7878076
-6243.1010786
-6268.122714
-6273.0588938
-6270.7484066
-6220.6574474
-6217.5756208
-6207.2080906
-6222.3727666
-6231.7948512
-6181.573238
-6200.9079368
-6209.5532614
-6227.2142578
-6235.0692582
-6188.211289
-6176.0922362
-6170.4493382
-6165.9542552
-6180.8335932
-6131.6833602
-6145.9479284
-6140.9085342
-6139.0448462
-6121.0269726
-6076.6152072
-6078.345268
-6080.5140432
-6096.2942038
-6107.0209358
-6079.719213
-6087.1620098
-6074.1710338
-6074.7031874
-6074.0773154
-6059.3905286
-6069.2620448
-6078.4887806
-6083.1108506
-6074.2324712
-6048.886994
-6054.1540028
-6035.1521832
-6041.5566804
-6052.289203
-6036.1545976
-6044.5609072
-6049.1157902
-6050.5075862
-6034.446681
-6019.3513608
-6037.117898
-6025.5372142
-6015.0519652
-6000.0606096
-5973.2461506
-5975.348635
-5980.049532
-5965.3552996
-5967.080249
-5942.7997182
-5950.6725826
-5945.4529702
-5946.9407276
-5958.9899334
-5935.2698768
-5953.1707842
-5960.3673414
-5959.4085672
-5968.9109086
-5938.75213
-5939.0259636
-5923.5838438
-5945.2966908
-5965.161757
-5938.2579868
-5935.6380394
-5939.3314812
-5930.5907564
-5917.85727
-5896.6520446
-5891.083509
-5901.8963442
-5910.941127
-5913.9981468
-5895.0675522
-5900.8126436
-5896.788703
-5897.961401
-5899.8604038
-5883.1189058
-5892.8801878
-5883.1205704
-5888.1915806
-5882.7727114
-5862.9818486
-5870.409261
-5880.6636444
-5894.3471146
-5889.3148312
-5873.5782858
-5878.8567636
-5877.6536662
-5866.2328946
-5866.3811422
-5855.2858654
-5858.1975568
-5860.2655628
-5868.2826308
-5874.1732496
-5857.1357382
-5856.2383554
-5856.555653
-5846.4888254
-5834.2532646
-5828.1748098
-5828.0452052
-5832.1068826
-5829.7151188
-5828.8850848
-5821.8178446
-5816.9443124
-5820.6658642
-5821.9075168
-5824.4859526
-5817.8422324
-5820.0943038
-5822.152687
-5821.7224472
-5827.681455
-5810.4415146
-5819.3936238
-5822.816186
-5817.0475546
-5816.4271892
-5802.3330078
-5798.042603
-5805.2197914
-5808.0479722
-5801.2118872
-5796.6728516
-5798.5871206
-5791.1929196
-5799.5313934
-5795.0908822
-5783.8412984
-5782.7322372
-5782.9712742
-5791.9641948
-5795.1308618
-5780.7234346
-5782.6201296
-5780.9856786
-5783.6850614
-5777.9348338
-5767.687161
-5774.6720448
-5779.6733248
-5788.842273
-5786.4786076
-5769.30525
-5770.5355362
-5780.7973548
-5779.7452306
-5780.5197776
-5763.6228244
-5772.7900316
-5778.4433546
-5779.6302878
-5770.4230868
-5756.3749416
-5757.951671
-5753.0441718
-5756.2574452
-5762.6976464
-5750.140392
-5753.7738856
-5757.5671598
-5762.8143712
-5775.7304738
-5760.4242356
-5765.3184888
-5761.7813216
-5763.475945
-5767.0733864
-5760.3643104
-5755.8547262
-5765.823577
-5770.178952
-5769.5948068
-5759.4774434
-5770.2598316
-5773.7695034
-5774.2002836
-5776.0631466
-5762.0656684
-5776.9159806
-5773.0218904
-5774.082169
-5775.099117
-5766.9723224
-5763.501636
-5767.6966756
-5769.875618
-5775.334108
-5762.1581164
-5773.6399366
-5774.7489944
-5770.9613004
-5781.7762858
-5770.2304292
-5768.4325528
-5760.7132364
-5752.7296456
-5754.9400184
-5746.0784568
-5735.9001586
-5723.882964
-5732.8675428
-5730.2242636
-5723.0602774
-5731.2911884
-5733.8552366
-5734.0269768
-5732.8989756
-5730.7347966
-5729.2214332
-5731.3867948
-5740.897719
-5749.7777604
-5736.474339
-5735.9856552
-5734.7806138
-5736.638718
-5735.1282856
-5732.6065814
-5725.977289
-5726.4498094
-5729.5675084
-5726.8290176
-5718.6911366
-5724.7452944
-5728.8215816
-5724.9473482
-5725.3833928
-5718.4984114
-5725.0711444
-5724.993062
-5723.762395
-5725.0409468
-5721.2423108
-5728.9793476
-5734.0295106
-5730.842559
-5734.3326364
-5735.8107152
-5732.1061926
-5732.7372968
-5729.575906
-5726.538316
-5715.8182228
-5711.9734794
-5711.0265508
-5715.8227674
-5707.579435
-5703.9550134
-5703.3373936
-5707.4265172
-5710.1774944
-5715.1640572
-5717.056407
-5713.274361
-5709.874072
-5708.9125378
-5705.2381204
-5698.1958062
-5695.8927598
-5698.885708
-5696.231526
-5706.0781756
-5702.9892198
-5706.827698
-5709.274929
-5704.9849716
-5705.348552
-5695.3320264
-5697.7434902
-5699.4638746
-5694.3394388
-5699.6713704
-5697.1915992
-5697.0649436
-5699.4867278
-5706.9006084
-5704.1404496
-5698.2266908
-5700.1840664
-5700.0936284
-5701.2281986
-5700.262971
-5695.8917148
-5691.4645132
-5690.8022682
-5690.3507854
-5685.1174316
-5680.2841858
-5686.8684372
-5682.2897644
-5679.0833842
-5680.1676082
-5679.364121
-5679.8625474
-5678.202209
-5681.0263418
-5683.9571948
-5679.0594024
-5682.181895
-5682.9850882
-5678.9088206
-5678.2834106
-5676.501194
-5680.3452046
-5686.6073156
-5689.1370576
-5684.4897908
-5678.204878
-5683.152705
-5688.2492146
-5680.873726
-5675.8614642
-5670.3961664
-5672.2963258
-5666.3529586
-5668.946188
-5667.9156416
-5663.8922966
-5656.239114
-5655.4776772
-5655.202367
-5656.0247698
-5657.5058812
-5664.1473742
-5666.1599312
-5664.7081198
-5663.6909616
-5659.8165264
-5664.503461
-5666.5029454
-5666.0923128
-5661.8747316
-5658.087719
-5662.6417154
-5661.7591456
-5660.3844146
-5657.5337548
-5658.887094
-5656.981114
-5659.9637576
-5658.1797194
-5656.9148476
-5656.1566008
-5658.0339418
-5663.5054746
-5666.217978
-5660.366774
-5658.7041652
-5651.3298196
-5645.0811176
-5652.4232618
-5655.2432666
-5651.700384
-5659.6648114
-5659.4211266
-5655.117616
-5656.4628418
-5652.8016876
-5650.0785484
-5653.5261514
-5664.7802486
-5655.741626
-5654.1675036
-5655.506034
-5659.7188922
-5661.0852846
-5658.0710374
-5652.375284
-5651.8256586
-5647.6766642
-5649.24537
-5646.6492796
-5645.7317148
-5647.7131304
-5647.3370514
-5648.812832
-5647.9966668
-5643.0431434
-5642.3360626
-5643.1068158
-5642.5306888
-5642.777307
-5640.3094826
-5643.9415288
-5643.2253676
-5643.787333
-5645.6221464
-5643.3015072
-5651.6823448
-5651.7417506
-5659.1854704
-5661.6287104
-5650.1774358
-5662.4447838
-5660.9489628
-5669.9994466
-5693.7715896
-5686.481217
-5695.5503504
-5685.3340054
-5677.37642
-5688.2798808
-5670.2730628
-5662.8052964
-5668.6777114
-5680.4805686
-5660.3616872
-5649.8205882
-5653.8626442
-5650.8075526
-5655.0432582
-5650.022364
-5646.8100506
-5639.6021
-5651.5947384
-5654.735988
-5659.5863728
-5659.3214966
-5659.334565
-5667.080313
-5656.973235
-5658.7608634
-5649.7761104
-5642.7443054
-5647.174543
-5657.5428734
-5663.57562
-5656.003118
-5654.6031776
-5659.8044064
-5655.1362572
-5649.793192
-5645.8328528
-5654.7314764
-5649.6293978
-5649.0610988
-5651.0958918
-5644.3072052
-5652.1294272
-5651.0754224
-5650.859465
-5656.3886556
-5650.5290688
-5636.3179082
-5647.5688394
-5639.70173
-5632.8381162
-5632.4157922
-5632.4580544
-5630.8936932
-5638.6392138
-5638.1501442
-5636.4054342
-5639.8771856
-5641.387389
-5633.6438426
-5640.2440604
-5637.7362172
-5639.4191578
-5643.64555
-5640.310493
-5635.0748894
-5629.8520372
