-10298.051557
-11121.032270
-11042.297732
-11084.749256
-11105.092737
-11080.364426
-11141.322341
-11217.419254
-11065.613874
-11060.583444
-11219.347282
-11239.072775
-11037.325560
-11191.876674
-10974.067770
-11234.835792
-11143.091184
-11098.117217
-11221.482609
-11131.001311
-11145.935476
-11268.590160
-11131.814051
-11044.837227
-11064.959633
-11079.944481
-11081.346130
-11195.923828
-11131.637047
-11183.509634
-11151.589936
-11105.525342
-11080.017776
-11110.913871
-10987.435198
-11222.045038
-11168.359640
-11228.208702
-11274.148589
-11126.887217
-11047.306349
-11106.292564
-11204.798685
-11025.261001
-10919.486097
-11018.480156
-11166.437739
-11045.872995
-11077.829089
-11127.951001
-11127.965072
-11111.884331
-11194.334677
-11265.191356
-11073.044053
-11083.617596
-11101.263724
-11079.766395
-11144.218714
-11067.422731
-11121.204613
-11182.450600
-11145.769472
-11125.249591
-11087.541238
-11155.929000
-11069.097629
-11129.481409
-11047.390022
-11138.680154
-11220.141134
-11119.086093
-11120.179183
-11142.518683
-11116.465292
-11103.081387
-11039.856656
-11043.974353
-11152.757549
-11109.379989
-11103.034923
-11053.763556
-11068.353729
-11053.940308
-11110.651832
-11074.596139
-11066.121997
-11106.745836
-11109.328980
-11126.969690
-11195.169114
-11202.177636
-11071.736460
-11055.198087
-11104.994289
-11180.608303
-11007.380718
-11208.042139
-11216.739304
-11077.118625
-11161.009541
-10972.258216
-11062.782592
-11033.052109
-11175.085339
-11162.748387
-10990.160073
-11090.025013
-11134.829577
-11065.946930
-11219.314496
-11194.562603
-11067.860029
-11102.225968
-11128.931607
-11101.094901
-11163.064047
-11267.386399
-11195.728793
-10989.274284
-11117.425769
-11160.875060
-11120.716940
-11128.090011
-11078.216377
-11052.461907
-11187.477621
-11109.838318
-11114.835586
-11111.893995
-11028.599725
-11102.977551
-11120.262775
-11071.380897
-11170.793768
-11153.889398
-11091.284972
-11164.890633
-11034.194340
-11002.174161
-11038.896036
-11051.452192
-11022.312982
-11113.995855
-11075.439298
-11096.087764
-11198.146210
-11071.524988
-11179.354061
-11061.761406
-11015.344471
-11115.085533
-11185.257765
-11127.407355
-11126.740128
-10982.715349
-11080.191916
-11061.596476
-11042.827314
-11127.303969
-11214.431043
-11180.626019
-11167.812785
-10971.353147
-11132.892268
-11090.189078
-11101.425534
-11102.004237
-11016.361323
-11075.178822
-11103.912288
-11167.165326
-11210.174312
-11048.461881
-11174.310038
-11031.773237
-11088.043841
-11102.374148
-11063.793571
-11094.982022
-11029.471406
-11006.381527
-11035.106434
-11250.419466
-11084.926948
-11193.763203
-11100.934478
-11026.546685
-10982.901115
-11077.897997
-11141.979728
-11073.314624
-11135.000051
-11070.020050
-11152.810718
-10957.446330
-11006.687656
-11188.206138
-11195.350864
-11104.924364
-11143.437916
-11085.561611
-11040.414901
-11096.415230
-11007.052878
-10881.998871
-11055.188288
-10938.328759
-11084.475335
-11023.958769
-11082.728121
-11128.637743
-11067.573252
-11098.838937
-11014.360937
-11104.341873
-11025.061885
-11139.313534
-11049.550875
-11087.549428
-10957.728046
-11111.889457
-10987.414872
-11115.812597
-10940.496974
-10998.955417
-10901.406832
-11159.609119
-11040.266211
-11199.190281
-11075.791122
-10975.570924
-11088.650447
-11040.222843
-10964.963357
-10965.467807
-10824.967084
-11011.213280
-10969.286882
-11082.287236
-11117.931989
-11045.517059
-11012.347374
-11051.271107
-11036.256964
-10894.985417
-10997.490894
-10987.497291
-10937.201514
-10965.094642
-11062.779890
-10988.108882
-11044.345068
-11000.772099
-10936.126080
-11125.487257
-10981.171091
-11117.647596
-10987.332993
-11055.010180
-11014.151882
-11058.840176
-10855.188066
-10877.489611
-10899.631756
-10803.112488
-10900.596084
-10870.304626
-11009.653076
-10986.237247
-10940.694153
-11094.394937
-11076.548406
-11034.143978
-11032.055334
-10986.291621
-10947.843056
-10932.221311
-10961.375332
-10929.196843
-10871.480006
-10955.276547
-10943.580296
-10989.769610
-10954.237810
-10913.632473
-10996.676734
-10988.691777
-10970.915384
-10923.403739
-10960.283716
-10907.666927
-10937.488489
-10977.454292
-10774.830346
-10878.157344
-10940.420701
-10888.469578
-11007.271829
-10870.335619
-10793.762381
-11006.830126
-10994.463053
-11031.876325
-10975.651098
-10887.364630
-10888.160011
-11036.440803
-11003.715732
-11008.499166
-10990.585417
-10985.545499
-10953.069467
-10865.295493
-10882.003830
-10935.383263
-10831.826637
-10909.393351
-10949.743134
-10851.827564
-10733.374362
-10830.613200
-10907.339096
-10786.261957
-10869.222301
-10928.905648
-11039.408799
-10857.937316
-10858.143306
-10734.555786
-10851.113345
-10789.484558
-10822.855449
-10781.435785
-10858.694945
-10727.150063
-10811.931255
-10759.264425
-10708.028777
-10834.064615
-10838.798040
-10772.514006
-10744.275122
-10701.439872
-10770.238729
-10791.348961
-10629.225763
-10665.978154
-10689.614288
-10722.745765
-10734.149379
-10798.168176
-10747.926221
-10747.726226
-10697.830561
-10709.050387
-10747.549268
-10660.636413
-10751.181449
-10602.689900
-10652.570353
-10801.368172
-10725.850167
-10557.897848
-10759.045183
-10638.151877
-10618.804214
-10687.098540
-10734.145004
-10589.347166
-10550.428032
-10503.820154
-10486.699958
-10454.329060
-10425.435299
-10539.505035
-10452.987934
-10400.023441
-10467.254225
-10465.782368
-10463.363626
-10335.331274
-10526.502992
-10377.460320
-10252.260013
-10338.422725
-10386.992798
-10378.858727
-10401.336298
-10258.398897
-10249.696736
-10205.233955
-10227.162104
-10214.159228
-10164.174256
-10292.296644
-10268.394511
-10145.333563
-9972.316763
-9897.208039
-9843.862597
-9844.269207
-9732.151097
-9724.757114
-9899.464409
-9756.938081
-9506.963616
-9263.372627
-9389.891791
-9270.542927
-8956.547147
-8857.094115
-8828.055660
-8835.979704
-8686.007909
-8598.117491
-8560.748608
-8503.586132
-8562.042129
-8601.476641
-8573.485946
-8548.440662
-8516.350446
-8514.846138
-8531.223204
-8507.283558
-8485.558441
-8533.806331
-8501.208627
-8529.063845
-8512.298089
-8487.697048
-8516.168954
-8507.288074
-8518.197536
-8513.017228
-8500.135801
-8505.465263
-8464.362809
-8485.218916
-8499.966445
-8453.050974
-8469.501652
-8447.951300
-8416.887680
-8429.872541
-8441.996022
-8429.848814
-8427.939495
-8419.835714
-8416.207305
-8355.924852
-8317.308873
-8340.563393
-8376.305780
-8389.957085
-8402.546546
-8382.509174
-8332.565705
-8331.879628
-8330.832786
-8345.830217
-8341.594465
-8316.996506
-8300.742974
-8299.496363
-8350.500170
-8352.142298
-8334.339222
-8346.605578
-8362.870916
-8378.165691
-8345.714219
-8294.543769
-8313.086756
-8275.800841
-8273.563690
-8255.894242
-8217.557911
-8219.435942
-8188.267045
-8204.988197
-8224.490487
-8197.228590
-8142.868416
-8118.749984
-8111.850904
-8104.110530
-8093.857167
-8093.786827
-8125.020185
-8155.491819
-8153.152248
-8094.562979
-8101.229912
-8053.027645
-7996.729963
-7981.872505
-7952.138711
-7942.269280
-7894.065523
-7844.560959
-7902.730472
-7863.771106
-7850.767583
-7799.997069
-7706.902229
-7675.618971
-7581.294873
-7566.923636
-7551.029792
-7581.971055
-7601.406890
-7526.286932
-7601.831201
-7517.808556
-7587.716423
-7612.887549
-7586.679208
-7562.455475
-7438.679587
-7408.577213
-7392.796702
-7394.635169
-7339.174833
-7290.463214
-7314.765896
-7311.767845
-7312.758680
-7265.952687
-7318.221210
-7311.624880
-7308.098487
-7318.894561
-7354.434988
-7366.159203
-7361.057485
-7227.651061
-7209.852938
-7176.360887
-7156.310848
-7168.192172
-7112.818999
-7185.274679
-7148.240456
-7185.078984
-7209.692972
-7183.052375
-7208.990703
-7254.874139
-7184.796433
-7226.789631
-7217.497678
-7204.690432
-7122.613977
-7044.185394
-7033.642584
-7102.875664
-7102.935283
-7057.795265
-7070.015503
-7099.254872
-7146.720063
-7145.139937
-7149.962181
-7186.268043
-7251.168726
-7269.336215
-7291.100314
-7238.622248
-7193.253172
-7216.581290
-7200.158669
-7227.154961
-7236.650395
-7247.188595
-7220.702128
-7186.182640
-7115.401644
-7140.638449
-7124.157842
-7088.378872
-7047.894857
-7055.564485
-6996.264527
-7029.633473
-6967.772760
-6950.880272
-6934.238887
-6970.097434
-6945.853833
-6881.526801
-6867.482162
-6850.150272
-6840.700154
-6861.008133
-6845.122750
-6891.942292
-6818.839279
-6863.365796
-6803.808992
-6766.002464
-6740.844830
-6685.002939
-6690.136549
-6733.080814
-6748.223307
-6730.935604
-6693.376744
-6682.151348
-6688.942437
-6621.185688
-6654.789694
-6692.594264
-6697.198432
-6670.304797
-6673.806289
-6637.460832
-6668.426256
-6693.802717
-6599.524956
-6524.354956
-6534.682939
-6485.539911
-6534.435336
-6538.991476
-6556.845280
-6504.754757
-6520.046058
-6547.338420
-6507.615345
-6530.550492
-6579.385337
-6586.380127
-6540.051917
-6576.675754
-6567.120053
-6478.814096
-6450.037394
-6453.331292
-6433.819060
-6466.102190
-6430.303087
-6461.148111
-6524.406689
-6529.644461
-6457.784230
-6471.668043
-6469.471703
-6453.470792
-6472.828910
-6438.525090
-6485.281529
-6467.799921
-6413.875763
-6332.354716
-6318.667535
-6324.198769
-6345.014649
-6327.827900
-6321.071539
-6326.986165
-6376.736293
-6373.546688
-6354.038209
-6329.642104
-6406.697554
-6409.801158
-6412.668137
-6392.252888
-6405.158410
-6400.716520
-6399.038348
-6380.742659
-6373.788600
-6380.200896
-6373.077971
-6329.448294
-6377.596678
-6393.349223
-6391.580047
-6360.395849
-6365.017449
-6353.405505
-6349.564814
-6359.718197
-6360.943293
-6355.937178
-6350.340433
-6335.303323
-6373.419502
-6376.194689
-6402.081444
-6368.836512
-6339.146887
-6336.438398
-6357.373041
-6344.480966
-6347.176320
-6303.771599
-6293.955689
-6253.100798
-6226.254138
-6249.478418
-6272.716499
-6256.969632
-6242.909662
-6252.107193
-6275.052427
-6237.451209
-6271.490489
-6275.761857
-6278.651864
-6254.409838
-6267.898677
-6243.134555
-6239.265447
-6245.843375
-6295.412495
-6312.930219
-6310.101341
-6258.866970
-6244.887173
-6248.598787
-6305.323997
-6278.570547
-6255.415736
-6226.359665
-6244.695893
-6267.282035
-6276.874349
-6289.503062
-6300.700215
-6279.057740
-6283.188650
-6307.250497
-6307.713718
-6371.831971
-6340.773031
-6350.938809
-6365.471037
-6362.671665
-6413.979395
-6409.115747
-6343.270437
-6343.972337
-6280.967144
-6320.331769
-6301.125937
-6304.540307
-6278.053838
-6245.308526
-6230.658445
-6208.425619
-6207.767875
-6194.543648
-6200.646981
-6183.954642
-6176.828194
-6167.461789
-6164.171004
-6160.743024
-6194.137073
-6171.619999
-6191.706383
-6201.871008
-6208.977433
-6210.032714
-6235.881536
-6221.418205
-6236.804020
-6237.404757
-6249.442656
-6244.784410
-6248.806533
-6252.180290
-6232.253720
-6226.720926
-6234.715499
-6211.972015
-6231.357164
-6238.123881
-6213.215221
-6218.504970
-6257.329737
-6297.447800
-6287.029136
-6267.833089
-6298.480780
-6326.417408
-6318.794099
-6285.698468
-6289.756726
-6296.005390
-6393.484171
-6420.873566
-6446.069565
-6381.876533
-6371.104147
-6313.560801
-6320.107154
-6304.821233
-6305.954037
-6272.508130
-6223.314293
-6206.112416
-6172.998322
-6198.757453
-6223.886932
-6220.331146
-6220.680943
-6238.081830
-6248.826007
-6263.172641
-6294.413323
-6260.180554
-6304.567431
-6300.706365
-6262.870636
-6258.902356
-6235.124117
-6218.477309
-6188.509607
-6190.725856
-6187.229831
-6199.930798
-6194.112868
-6210.916823
-6242.775299
-6216.943719
-6213.326606
-6208.481076
-6209.279260
-6199.968935
-6204.295951
-6209.761967
-6195.279990
-6203.183934
-6239.005514
-6237.582814
-6236.054672
-6231.550891
-6207.020698
-6221.549390
-6228.385469
-6244.176174
-6280.964443
-6267.309841
-6287.657342
-6272.954772
-6311.695077
-6317.851868
-6282.432751
-6225.157855
-6223.980411
-6232.038674
-6271.626387
-6269.872498
-6296.726913
-6277.743741
-6343.581367
-6361.067840
-6325.858557
-6344.585614
-6312.546863
-6289.253247
-6267.394330
-6258.941678
-6259.690317
-6275.184020
-6274.078757
-6261.304284
-6264.268572
-6256.394019
-6234.169608
-6199.693253
-6264.084234
-6291.749577
-6303.453774
-6293.257586
-6294.715827
-6311.579307
-6312.491224
-6318.022296
-6327.919301
-6317.885076
-6304.811414
-6282.881582
-6261.854337
-6270.242519
-6275.803816
-6273.270971
-6255.991932
-6259.163688
-6293.204464
-6270.764424
-6289.994504
-6289.109665
-6298.356367
-6291.839184
-6293.280025
-6249.470095
-6249.287735
-6230.669869
-6252.788117
-6234.887393
-6254.573058
-6259.672050
-6284.618985
-6282.276271
-6253.324825
-6271.456938
-6291.540027
-6260.287205
-6223.240522
-6255.035582
-6264.870901
-6257.314565
-6267.511741
-6258.681783
-6258.406980
-6210.662035
-6245.816188
-6244.158068
-6246.567469
-6279.474212
-6286.350015
-6280.072666
-6266.374700
-6224.632681
-6215.662659
-6235.345375
-6240.435180
-6257.339424
-6277.924728
-6271.204783
-6294.380207
-6242.179833
-6257.601094
-6230.356457
-6207.142779
-6198.991455
-6186.394051
-6155.021733
-6136.837858
-6115.618399
-6126.538433
-6157.637279
-6157.587112
-6135.358028
-6114.455293
-6049.219789
-6073.849325
-6092.399709
-6086.731775
-6046.886466
-6055.569255
-6063.453839
-6052.010057
-6059.657827
-6092.555052
-6006.969704
-6009.775556
-6007.753706
-6005.211947
-6019.806432
-6034.950291
-6036.166762
-6051.478819
-6068.434709
-6063.065796
-6077.567753
-6089.914398
-6088.515150
-6100.836249
-6093.962171
-6092.391685
-6083.209026
-6092.928906
-6092.383429
-6114.027204
-6123.439378
-6106.641691
-6094.246115
-6114.117888
-6100.272954
-6095.329227
-6081.439397
-6057.526690
-6046.855111
-6030.465569
-6063.685518
-6088.813941
-6067.581928
-6067.677998
-6053.964552
-6086.186070
-6093.659947
-6096.748017
-6090.969234
-6099.164907
-6078.238451
-6105.429106
-6118.923489
-6100.012538
-6061.199117
-6074.022124
-6063.659480
-6072.517508
-6082.796936
-6085.828191
-6062.705535
-6080.110296
-6082.607619
-6085.178926
-6088.440363
-6090.458983
-6104.135097
-6098.907010
-6104.597850
-6083.288188
-6083.308539
-6079.914977
-6072.286188
-6076.192531
-6093.058257
-6095.436246
-6105.303665
-6095.393830
-6093.370215
-6082.245477
-6079.655864
-6095.293669
-6085.477759
-6087.070355
-6091.374613
-6082.229629
-6069.714657
-6082.035207
-6084.298978
-6073.263752
-6086.626282
-6098.759504
-6109.565003
-6078.128811
-6060.485032
-6069.932206
-6071.667334
-6059.059243
-6041.955130
-6044.839530
-6041.954536
-6030.289638
-6034.181385
-6066.034106
-6065.012461
-6085.132998
-6076.216600
-6103.114671
-6089.233491
-6078.712926
-6129.076712
-6131.867534
-6120.271052
-6094.101655
-6075.911341
-6092.336870
-6091.856234
-6084.563617
-6093.827106
-6128.268783
-6135.115539
-6139.880475
-6125.527849
-6109.340359
-6216.150384
-6217.791212
-6231.378612
-6155.214993
-6116.479102
-6077.942213
-6067.902360
-6091.057567
-6071.812324
-6073.093853
-6090.734918
-6090.186684
-6085.680079
-6076.674960
-6074.120682
-6072.484376
-6070.882958
-6067.128822
-6072.538485
-6084.554789
-6066.591141
-6072.653736
-6083.615432
-6079.556260
-6064.776751
-6056.690207
-6044.628426
-6031.144339
-6042.865255
-6037.089586
-6048.710289
-6055.043587
-6046.009326
-6093.898781
-6070.228563
-6071.233008
-6051.456457
-6057.245862
-6078.187839
-6085.981498
-6083.223153
-6084.172231
-6082.247780
-6073.670531
-6090.620009
-6087.129456
-6088.891730
-6067.618963
-6086.555204
-6082.177192
-6081.552827
-6082.736067
-6092.739641
-6098.781999
-6096.948372
-6100.717367
-6100.111340
-6079.802222
-6084.468133
-6077.911059
-6086.130432
-6089.869655
-6087.348998
-6070.822526
-6089.636295
-6093.446787
-6108.626989
-6099.269439
-6083.621774
-6097.778197
-6131.548951
-6151.281621
-6117.364353
-6117.468546
-6148.553383
-6150.058287
-6142.217840
-6162.700591
-6127.346395
-6120.817035
-6154.596878
-6160.420512
-6144.190359
-6105.039537
-6073.487805
-6067.352170
-6038.462064
-6054.753767
-6072.789899
-6094.574325
-6128.302284
-6096.877715
-6093.970129
-6101.305903
-6073.433628
-6091.404500
-6084.183482
-6059.858984
-6066.318408
-6058.058633
-6062.813232
-6076.841118
-6083.359117
-6076.294000
-6064.848133
-6064.247808
-6058.090275
-6060.826144
-6062.551342
-6049.077225
-6054.554095
-6058.628046
-6055.033109
-6048.337175
-6030.579720
-6047.683197
-6041.021911
-6042.536522
-6068.847591
-6082.054414
-6082.637233
-6090.626388
-6069.170323
-6060.075888
-6051.412752
