-10428.191382
-10901.332263
-11054.429939
-11032.070006
-11183.405126
-11082.748545
-11056.001059
-11149.192626
-11052.273884
-11289.349190
-11159.378411
-11288.872563
-11023.770785
-11137.407454
-11171.136856
-11178.462865
-11117.460308
-11066.569673
-11128.379709
-11252.140329
-11151.284866
-11264.336891
-11110.525005
-11074.768075
-11144.362612
-11135.303793
-11254.026954
-11097.536228
-11242.690651
-11030.523687
-11075.345688
-11099.990673
-11174.686975
-11123.279094
-11086.896987
-11057.651567
-11032.782895
-11144.664661
-11023.558063
-11219.824123
-11079.115123
-11060.280403
-11037.297490
-11155.526958
-11210.414865
-11184.033914
-11200.887146
-11183.983337
-11140.671666
-11129.607696
-11145.167918
-11181.248334
-11095.451745
-11170.925232
-11103.451253
-11180.249493
-11044.600148
-11119.328632
-11139.506428
-11059.756145
-11220.398833
-11132.847048
-11192.634456
-11064.245769
-11138.471881
-11188.205033
-11140.850800
-11094.976986
-11306.814448
-11289.016160
-11111.335784
-11179.767943
-11146.544768
-11069.188938
-11054.156239
-11023.557459
-11167.989550
-11141.073147
-11025.555342
-11130.456982
-11034.344647
-11099.163906
-11061.324213
-11160.373069
-11137.763263
-11179.133718
-11220.386151
-11203.837380
-11047.158530
-11015.308472
-11097.429224
-11213.921462
-11096.400493
-11250.031867
-11177.922683
-11098.247023
-11161.098178
-11037.197757
-11083.658116
-11075.917074
-11029.097461
-11139.452551
-11113.544486
-11145.635778
-10933.428393
-11199.241894
-11221.848983
-11105.905721
-11005.840594
-11074.887292
-11188.423396
-11247.152482
-11127.931496
-11024.959152
-11148.578250
-11218.701224
-10986.952731
-11041.824719
-10991.454387
-11018.742557
-11008.930608
-11176.979789
-11167.990625
-11143.002960
-11114.866765
-10996.512877
-11118.360289
-11123.291422
-11119.270183
-11078.078468
-11167.429413
-11157.320443
-11223.951759
-11090.943945
-11141.905771
-11038.013606
-11026.859058
-11083.784008
-11091.174434
-11218.429836
-11110.972913
-11093.416735
-11024.092350
-11191.664152
-11053.664320
-11048.410493
-11145.571798
-11106.138793
-11106.921334
-11098.168408
-11060.432807
-11112.345601
-11103.357245
-11089.090181
-11123.573039
-11068.676354
-11080.783883
-11125.844372
-11129.422285
-11148.270328
-11133.812496
-11110.806896
-11137.098969
-11171.524257
-10982.209110
-11163.826613
-11132.937251
-11221.687076
-11111.132384
-11143.282131
-11045.241278
-11061.541258
-11077.800397
-11072.958875
-11063.144265
-11047.967123
-11088.812911
-11081.479885
-11111.308912
-11074.845370
-11114.458669
-11055.757345
-11090.780540
-11073.257020
-11049.105714
-11207.404180
-11090.859937
-11112.955269
-11116.119123
-11021.770227
-11020.497121
-11115.127879
-11014.214430
-11117.268849
-11073.582539
-11036.805432
-11002.976153
-10995.742535
-11040.272718
-11066.023534
-11081.908042
-11157.330632
-11067.898716
-11113.111102
-11024.624602
-11084.984876
-11174.950632
-11136.500642
-11195.988718
-11005.032584
-11201.186799
-11134.056056
-11152.127009
-11139.205348
-11038.247523
-11080.906649
-11162.666676
-11010.929018
-11000.253636
-10995.916885
-11135.778907
-11044.810880
-11095.463204
-10963.866325
-11147.060282
-11063.684388
-10996.286491
-11200.520855
-11162.338052
-11144.859451
-11133.306914
-11079.407932
-11034.744193
-11073.930018
-10877.934665
-10927.587811
-11098.546874
-11121.705700
-11151.854369
-11177.566864
-11028.310120
-11042.072961
-11077.046480
-11036.840635
-11073.626513
-11003.777905
-11019.337839
-10994.533760
-11120.800615
-11008.899597
-11066.160188
-11119.313089
-11096.182905
-11087.331760
-10993.559386
-11138.132537
-11120.547291
-11087.784970
-11012.341639
-11010.306282
-10967.241405
-11110.219581
-10969.185528
-11010.132892
-11122.288998
-11071.869932
-11000.488398
-11040.545273
-10971.836260
-10965.110748
-10881.490030
-11029.890704
-10949.053875
-11002.304281
-10889.930201
-11055.467013
-11100.529253
-11055.718639
-10981.195529
-11060.608723
-10954.596345
-10959.694477
-10981.813710
-11022.797170
-11076.707971
-10969.722963
-10902.332943
-11034.843614
-10908.234482
-10939.376804
-11012.615252
-10974.084431
-11053.915574
-10914.180264
-10927.658416
-10906.433733
-10935.106601
-10854.771758
-10828.059633
-10830.864961
-10911.419929
-10910.596641
-10899.538113
-10998.746924
-10950.071962
-10860.725572
-10956.688292
-10868.419169
-10854.875430
-10854.151460
-10828.936303
-10862.913465
-10893.575684
-10950.429829
-10781.522165
-11050.614309
-10906.985232
-10823.696873
-10721.618044
-10853.422134
-10787.881463
-10811.695848
-10862.323616
-10856.402347
-10855.148271
-10958.112026
-10812.291852
-10769.949076
-10877.861128
-10756.280748
-10749.859629
-10839.662259
-10833.467324
-10857.555819
-10814.575111
-10805.315267
-10691.382926
-10726.445304
-10812.797728
-10819.252067
-10683.163843
-10628.895167
-10672.479365
-10666.139428
-10635.711667
-10786.724726
-10746.620964
-10736.005574
-10811.733370
-10769.423067
-10765.378519
-10752.947369
-10818.599197
-10686.035905
-10573.494861
-10579.809744
-10645.493978
-10651.723322
-10596.417637
-10636.739741
-10581.075249
-10609.012180
-10663.001906
-10571.944762
-10662.445658
-10620.175073
-10631.566112
-10748.217397
-10614.643835
-10543.428108
-10655.299373
-10619.446737
-10614.655157
-10535.942328
-10433.862163
-10608.512328
-10549.852614
-10487.503446
-10459.699174
-10373.421791
-10355.799440
-10418.971844
-10338.770570
-10388.473586
-10462.938307
-10413.246727
-10340.408589
-10336.557016
-10238.244242
-10232.897022
-10272.383924
-10391.823255
-10376.066716
-10249.725439
-10133.299874
-10230.780528
-10060.006432
-9712.680223
-9838.085777
-9696.834984
-9699.260344
-9554.452432
-9437.140100
-9264.527149
-9221.275098
-9035.570170
-9008.313700
-8914.139255
-8719.521048
-8663.919028
-8695.567033
-8644.138772
-8554.681140
-8511.273654
-8507.211977
-8498.180631
-8484.712327
-8512.060396
-8475.090596
-8468.293800
-8463.372063
-8438.624493
-8464.847811
-8476.714077
-8455.349261
-8482.488712
-8465.377554
-8481.591237
-8520.973332
-8506.337195
-8502.920105
-8511.668988
-8504.800018
-8431.935743
-8414.764913
-8418.296351
-8492.621687
-8465.043618
-8451.025776
-8455.090336
-8425.236962
-8443.799204
-8384.165724
-8429.606445
-8416.744745
-8442.780234
-8445.097377
-8440.811138
-8461.430021
-8483.179196
-8448.580128
-8444.180445
-8435.064172
-8426.640956
-8405.848258
-8451.587184
-8448.158557
-8456.776444
-8450.970878
-8408.432330
-8404.988474
-8370.047467
-8383.276951
-8368.097211
-8349.352712
-8359.656688
-8336.319215
-8367.684775
-8309.637600
-8308.846070
-8363.384544
-8352.243733
-8302.289423
-8315.071419
-8327.509821
-8275.126829
-8315.510142
-8299.713361
-8268.924693
-8257.718253
-8284.737127
-8258.086970
-8256.144474
-8245.459046
-8241.931477
-8209.381616
-8249.800561
-8178.722927
-8151.383437
-8182.181004
-8076.742149
-8062.389575
-8032.754534
-7988.186610
-7961.793805
-7942.171299
-7969.495843
-7967.495141
-8011.284454
-7987.013250
-7980.056881
-7995.162715
-7992.540792
-7960.952790
-7918.451916
-7899.223732
-7843.258267
-7840.564657
-7801.872917
-7769.285022
-7737.451735
-7761.486391
-7711.955704
-7717.947040
-7762.551344
-7711.310127
-7653.250068
-7609.187941
-7642.162368
-7643.277722
-7600.413775
-7519.280746
-7503.803126
-7450.377624
-7382.883965
-7343.680025
-7299.401550
-7333.475459
-7367.854109
-7311.699519
-7354.731727
-7325.690282
-7346.968010
-7276.053725
-7237.835339
-7232.921535
-7173.625269
-7169.636414
-7208.708778
-7189.661984
-7130.428304
-7122.321606
-7175.890816
-7090.219724
-7096.269193
-7051.344633
-6964.667322
-7001.822880
-7045.990387
-7045.818090
-7025.053002
-7011.574423
-6922.412869
-6947.554072
-6983.349678
-6966.932334
-6953.662687
-6977.782642
-6967.007389
-6887.948747
-6931.729860
-6944.465008
-6957.934665
-6926.299685
-6966.767035
-6899.198808
-6868.484007
-6865.839478
-6897.369100
-6850.184991
-6782.105469
-6758.869621
-6758.300247
-6745.143762
-6778.413923
-6803.249661
-6769.333666
-6751.410086
-6745.862087
-6745.642751
-6746.242600
-6754.659596
-6739.607750
-6748.894850
-6716.233024
-6740.536947
-6762.381823
-6744.943959
-6692.009113
-6722.958538
-6739.191022
-6768.804297
-6849.611161
-6851.472241
-6845.702785
-6816.823868
-6805.582511
-6700.907739
-6654.247545
-6652.454048
-6634.575231
-6599.210092
-6591.676215
-6556.735844
-6570.151376
-6626.988312
-6632.281758
-6572.552407
-6576.853450
-6620.349002
-6621.953414
-6643.026847
-6626.604565
-6665.730675
-6659.082170
-6630.908629
-6702.833581
-6714.108675
-6651.694510
-6662.804583
-6586.305896
-6556.523821
-6622.637874
-6635.438985
-6625.796119
-6622.490736
-6573.950430
-6532.331146
-6514.045038
-6487.607074
-6457.307739
-6505.982663
-6559.032459
-6533.089664
-6549.298271
-6542.376063
-6537.958894
-6519.817234
-6484.587756
-6486.248329
-6451.607542
-6481.659250
-6469.669443
-6450.152473
-6471.361730
-6500.763285
-6494.746173
-6493.742874
-6550.161172
-6551.723392
-6545.799218
-6589.323853
-6596.956999
-6622.024057
-6635.461859
-6629.050719
-6602.913489
-6637.995572
-6657.821665
-6690.611350
-6702.877138
-6681.818719
-6666.564098
-6631.549767
-6594.561162
-6647.485517
-6599.955094
-6601.237420
-6665.632947
-6673.851967
-6645.800946
-6706.971485
-6694.781151
-6723.603755
-6673.285792
-6658.990746
-6725.640289
-6712.357756
-6698.005710
-6720.412841
-6651.852793
-6636.106935
-6586.231972
-6542.113991
-6502.495975
-6512.516338
-6451.451161
-6441.129767
-6452.134355
-6544.777783
-6466.026282
-6444.232553
-6416.340640
-6364.114026
-6398.003431
-6470.982849
-6476.588832
-6461.476767
-6475.161432
-6471.790230
-6464.200787
-6507.785835
-6517.698358
-6571.451164
-6606.264109
-6602.858165
-6640.455069
-6629.719770
-6640.412457
-6577.790094
-6505.698539
-6451.970915
-6486.619779
-6482.378393
-6425.785003
-6341.794194
-6230.676347
-6203.177872
-6196.564628
-6193.596077
-6185.987998
-6213.549564
-6210.619548
-6194.237828
-6207.758747
-6207.998890
-6197.574328
-6181.472022
-6167.454874
-6181.395828
-6192.072016
-6195.589445
-6207.612849
-6196.633741
-6173.274033
-6186.546278
-6201.715846
-6196.445281
-6191.662684
-6178.812101
-6200.240814
-6190.320098
-6189.675796
-6207.631175
-6213.903791
-6209.397813
-6202.869010
-6211.756166
-6197.445313
-6213.600106
-6202.899143
-6198.974400
-6201.892638
-6200.092680
-6202.200427
-6201.121588
-6199.626607
-6191.077442
-6183.280853
-6195.665479
-6198.442436
-6192.388926
-6209.315513
-6223.147078
-6244.136068
-6238.180870
-6216.569563
-6180.109654
-6173.034622
-6171.690148
-6164.752045
-6163.549778
-6153.128909
-6132.704924
-6140.466813
-6142.940462
-6171.715697
-6169.588875
-6151.755117
-6162.170276
-6143.218614
-6168.618719
-6196.083864
-6193.654610
-6167.296805
-6163.118897
-6191.338813
-6179.532480
-6182.862632
-6199.920765
-6188.514558
-6168.292414
-6188.784553
-6185.761683
-6185.521112
-6220.740919
-6201.824243
-6192.872665
-6191.453896
-6186.111198
-6198.556161
-6184.426005
-6176.963227
-6171.760946
-6180.890000
-6198.563919
-6184.344523
-6176.160722
-6168.953654
-6185.433666
-6177.382363
-6180.658398
-6182.375612
-6182.508204
-6191.997985
-6178.535120
-6175.044465
-6183.384165
-6184.169067
-6163.190261
-6183.775919
-6187.170103
-6179.725262
-6180.970971
-6193.985543
-6189.458801
-6201.311890
-6192.933254
-6199.043242
-6198.802419
-6184.691358
-6179.193710
-6172.514008
-6166.313620
-6183.666240
-6168.691805
-6185.328803
-6184.920602
-6187.381611
-6196.486479
-6191.394996
-6180.311036
-6179.162453
-6171.903984
-6178.935149
-6187.267221
-6169.386422
-6171.382982
-6180.385117
-6189.222438
-6213.320668
-6204.496768
-6198.895578
-6186.788229
-6173.045077
-6180.576140
-6179.129400
-6193.112365
-6188.381523
-6199.189535
-6174.476560
-6186.900783
-6212.561382
-6226.372253
-6198.939099
-6220.531832
-6193.084092
-6175.296444
-6209.538915
-6209.514336
-6220.774448
-6243.091333
-6228.433549
-6275.286067
-6241.568859
-6210.932178
-6218.540937
-6212.044031
-6193.371395
-6177.832399
-6171.410870
-6202.451657
-6208.973281
-6212.253838
-6219.095739
-6192.561416
-6191.120507
-6193.159034
-6187.607667
-6216.709922
-6297.704412
-6295.107227
-6286.113954
-6241.924018
-6253.523515
-6282.876591
-6203.930021
-6236.509709
-6252.326255
-6246.375998
-6240.529967
-6218.213675
-6217.632438
-6246.958246
-6237.354896
-6198.582753
-6186.449041
-6229.672020
-6195.962728
-6154.863603
-6114.219324
-6099.219779
-6112.348373
-6121.023274
-6113.845590
-6105.363902
-6091.153364
-6089.860796
-6090.041385
-6083.941218
-6092.702750
-6091.638148
-6116.126347
-6102.921972
-6098.751100
-6101.219119
-6100.877054
-6098.596615
-6096.440437
-6091.415695
-6103.854147
-6098.466574
-6120.444201
-6140.000627
-6127.234287
-6123.405551
-6109.073574
-6102.538473
-6106.127057
-6105.203064
-6106.424591
-6111.721107
-6101.390641
-6094.610114
-6112.525237
-6095.021183
-6096.462465
-6100.332186
-6095.464922
-6101.018580
-6092.046487
-6094.125417
-6093.323707
-6091.650951
-6092.370830
-6096.289164
-6093.020562
-6095.560892
-6101.831834
-6090.843656
-6092.353210
-6091.526708
-6088.751928
-6084.134205
-6075.551630
-6090.757161
-6093.589892
-6089.510748
-6093.291788
-6093.243171
-6093.685366
-6093.962724
-6091.042397
-6093.566020
-6089.514664
-6088.766591
-6091.518970
-6093.991981
-6091.946402
-6094.994866
-6094.929121
-6090.941906
-6092.212038
-6096.665601
-6120.001802
-6128.665008
-6157.126381
-6161.800081
-6150.444339
-6141.286707
-6157.027929
-6159.213454
-6193.299484
-6191.113079
-6172.089695
-6166.743064
-6171.051884
-6171.975464
-6163.270676
-6152.612840
-6155.169252
-6160.223170
-6165.069036
-6184.312410
-6172.976822
-6171.487235
-6185.064321
-6177.443121
-6190.269945
-6189.735425
-6212.836865
-6192.496926
-6188.969803
-6181.079629
-6219.514156
-6198.810038
-6176.752640
-6187.419677
-6153.520160
-6160.072533
-6157.610030
-6159.777503
-6160.239938
-6159.176029
-6158.612578
-6141.779369
-6155.566711
-6153.816260
-6160.072257
-6159.414948
-6175.997203
-6155.982021
-6163.089696
-6158.250632
-6171.222757
-6178.277630
-6174.530572
-6187.885372
-6165.122975
-6168.559932
-6164.288423
-6170.178216
-6144.495649
-6158.907239
-6160.806373
-6161.188740
-6179.715296
-6199.586027
-6195.202009
-6170.451220
-6157.989263
-6164.861536
-6140.590932
-6140.103977
-6148.056761
-6143.763253
-6136.399217
-6121.208205
-6110.987167
-6097.382436
-6104.997348
-6100.399863
-6080.124554
-6080.684420
-6077.893683
-6079.034300
-6096.507231
-6107.562669
-6110.327074
-6125.780431
-6120.045216
-6136.468437
-6112.051815
-6132.410442
-6161.018210
-6137.243546
-6130.760208
-6134.670085
-6160.168106
-6131.167549
-6104.596256
-6099.222943
-6086.634345
-6084.715909
-6085.917740
-6111.256330
-6112.438664
-6089.124332
-6087.775560
-6086.389087
-6086.233671
-6084.202586
-6079.396415
-6077.498504
-6078.759897
-6079.219541
-6078.865680
-6078.576832
-6080.804102
-6078.376232
-6077.159650
-6078.435602
-6082.378708
-6082.042679
-6083.095534
-6073.194468
-6076.515256
-6077.819884
-6081.769921
-6083.094040
-6089.381898
-6088.672305
-6087.086806
-6093.731133
-6098.960715
-6098.055202
-6097.523713
-6092.357783
-6089.476193
-6093.510120
-6093.614985
-6100.823644
-6092.914433
-6125.794502
-6110.949894
-6101.308624
-6095.924641
-6088.132330
-6091.985816
-6100.904913
-6102.011375
-6094.937495
-6097.131714
-6096.917618
-6081.466153
-6081.788473
-6079.449091
-6080.958425
-6085.934685
-6098.201720
-6080.212837
-6079.373668
-6084.792538
-6094.110669
-6082.998151
-6081.373345
-6085.890508
-6107.089823
-6119.192961
-6109.759735
-6139.793864
-6119.624755
-6115.729385
-6154.995860
-6209.974597
-6160.298686
-6148.159318
-6128.423666
-6100.127672
-6070.361957
-6081.788540
-6102.787978
-6083.107749
-6092.035099
-6100.093909
-6074.856041
-6091.208602
-6078.649339
-6079.970540
-6079.719079
-6078.615957
-6084.670998
-6090.150805
-6080.354345
-6089.997311
-6090.057467
-6086.592813
-6082.790034
-6083.658981
-6090.725017
-6085.444469
-6080.175665
-6080.986825
-6071.754082
-6081.555609
-6108.940809
-6087.503414
-6091.757451
-6082.045919
-6083.454396
-6082.004147
-6084.057950
-6076.510893
-6077.112169
-6082.388648
-6119.622561
-6129.012677
-6142.991525
-6130.144339
-6114.162269
