-10305.245598
-11091.122777
-11108.168001
-11123.983503
-11051.443217
-11041.275919
-11193.524694
-11058.819549
-11076.667309
-11086.765848
-11181.819314
-11128.395681
-11142.541424
-11196.270988
-11231.432168
-11092.784836
-11186.434634
-11125.651523
-11218.401163
-11248.005732
-11082.488220
-11159.086834
-11109.846788
-11154.063800
-11082.522217
-11107.011821
-11068.944133
-11097.589011
-11063.341868
-11126.242241
-11045.462784
-11218.021831
-11076.207616
-11247.791941
-11114.352297
-11083.961839
-11188.412760
-11140.289413
-11042.212611
-11059.880560
-11254.787468
-11171.831509
-11194.805711
-11299.038699
-11111.694076
-11095.055979
-11215.780146
-11171.177678
-11168.298428
-10974.150271
-11117.168773
-11208.063345
-11239.091579
-11174.774749
-11058.854426
-11206.164483
-11096.858191
-11174.116955
-11067.505633
-11043.571445
-11086.399278
-11092.791375
-11064.494306
-11147.123436
-11175.684965
-11100.011341
-11135.464910
-11108.994032
-11163.876403
-11180.361696
-11069.694149
-11047.520894
-11243.838979
-11182.321557
-11149.657251
-11178.321458
-11163.067803
-11098.046235
-11084.872446
-11059.558423
-11087.183362
-11134.338034
-11121.377297
-10968.752535
-11122.340863
-11134.621988
-11155.327571
-11087.877181
-11113.728338
-11217.961125
-11081.610451
-11035.301237
-11148.520302
-11184.434082
-11122.610406
-11111.233811
-11046.999009
-11112.316618
-11184.781607
-10997.463741
-11098.908226
-10989.572027
-11074.910476
-11026.507048
-11122.860962
-11181.419959
-11068.851688
-11046.764953
-11163.398998
-11234.829954
-11242.585286
-11076.953673
-11024.660122
-11072.661861
-11121.077979
-11037.643352
-11040.427902
-11114.115521
-11143.199300
-11134.830769
-11119.705941
-11047.076584
-11113.334593
-11108.028199
-11144.684851
-10941.353091
-11093.932470
-11016.360477
-11172.667718
-11087.037744
-11068.480788
-11235.253012
-11248.330772
-11219.802976
-11025.088564
-10972.075635
-11107.146337
-11123.650470
-11145.881496
-10997.492529
-11043.016596
-11155.529070
-11169.145690
-11067.243248
-11161.581996
-11245.356366
-11095.024942
-11166.273232
-11131.911791
-11144.817132
-11196.068122
-11074.062061
-11073.717118
-11138.866645
-10993.438529
-11033.403198
-11132.092598
-11024.326402
-10994.914159
-11155.267397
-11130.950783
-11043.870892
-11134.101062
-11093.955175
-11171.244673
-11094.358404
-11154.994223
-11012.754908
-10970.207961
-11113.372697
-11082.422367
-10980.142152
-11062.594371
-11028.351510
-11020.485747
-11172.355224
-10953.164877
-10970.293947
-11024.414238
-11148.650702
-11106.589792
-11011.643273
-11180.429199
-11174.619410
-11129.429541
-10972.415695
-11022.974201
-11058.832132
-11234.883883
-11110.318972
-11038.864592
-11075.786313
-11167.444013
-11205.757889
-11068.183148
-11100.692568
-11044.552907
-11085.395954
-11045.432322
-11053.203038
-11073.505245
-11100.236590
-11116.581503
-11114.748742
-11059.370760
-10992.168857
-10970.862798
-11127.860740
-11171.032874
-10983.405369
-11025.089330
-11079.062256
-11030.831051
-10967.934884
-10971.022827
-11022.036662
-11029.525445
-11202.713607
-11189.191535
-11046.791969
-11086.703578
-11075.268373
-11046.668101
-11022.485973
-11039.704702
-11165.682937
-11096.451332
-10946.435168
-10931.577801
-10956.502951
-11019.566429
-10883.007687
-10941.369171
-11152.140508
-11005.133369
-11082.342745
-11066.845993
-11055.532160
-11109.321736
-10985.891896
-10891.710110
-11028.405861
-11039.464840
-10962.471064
-11085.958830
-11226.730266
-11082.206282
-10954.868396
-10934.161164
-11035.071302
-11024.097407
-10911.004501
-10891.161770
-11009.724235
-10876.843760
-10988.911067
-10960.391275
-11002.156242
-11029.535622
-11010.941466
-11024.355534
-10977.189725
-11070.134631
-10964.383267
-10976.925516
-10955.237533
-10957.936778
-10986.000233
-11098.187903
-11088.312496
-10848.681601
-10969.353358
-11044.371878
-11023.341201
-10999.516753
-10985.091695
-10857.355617
-10967.703516
-10864.215681
-10874.274977
-10990.739185
-10879.631620
-10921.638445
-10959.418703
-10966.360985
-11087.559468
-11088.283607
-11012.819460
-11048.117159
-10993.450696
-10996.513334
-10972.062848
-10986.886602
-11040.297062
-11134.670338
-10999.048024
-10956.372264
-10875.188683
-10994.187506
-10951.578505
-10906.602030
-10886.113898
-10913.840563
-10934.111139
-10860.688850
-10906.922967
-10941.378173
-10852.065071
-10899.057448
-10890.654307
-10880.314022
-10847.822126
-10860.635293
-10984.624646
-10838.929948
-10973.946776
-10810.820206
-10853.477387
-10800.347743
-10773.884230
-10710.240115
-10871.357033
-10856.836013
-10823.015134
-10767.587150
-10720.202090
-10765.574468
-10853.646402
-10852.026842
-10844.238751
-10873.855100
-10750.536064
-10750.201141
-10823.299662
-10786.376627
-10795.495184
-10693.910754
-10741.405962
-10728.398923
-10684.598121
-10601.290511
-10776.252484
-10782.426521
-10756.157698
-10724.937612
-10719.560975
-10698.601394
-10644.278694
-10686.287527
-10757.204830
-10714.624728
-10639.413878
-10539.107729
-10680.834104
-10608.098517
-10725.370010
-10707.557403
-10686.095471
-10715.816102
-10712.550078
-10535.322051
-10735.110504
-10704.296542
-10554.010045
-10613.178153
-10661.675203
-10607.906042
-10642.103944
-10689.034747
-10605.755210
-10579.537356
-10570.095137
-10656.323096
-10590.617956
-10492.376493
-10597.787780
-10528.865136
-10463.085487
-10404.697313
-10416.238908
-10455.790475
-10377.968330
-10394.702945
-10288.965477
-10149.990838
-10273.544881
-10281.144836
-10143.949213
-10080.810173
-10082.053382
-10091.994968
-10128.244772
-10104.841844
-10080.261686
-10015.540873
-9838.723260
-9570.186324
-9415.368831
-9384.860611
-9436.784643
-9363.753429
-9253.313138
-9253.327188
-9186.369503
-9115.135093
-9075.613398
-9141.320283
-8938.320574
-8818.146753
-8784.545596
-8776.519724
-8742.782883
-8692.621930
-8566.298852
-8574.591922
-8574.094354
-8601.706251
-8560.297487
-8567.162383
-8558.106688
-8550.517580
-8471.769056
-8510.072680
-8603.424029
-8519.735011
-8545.462621
-8526.444407
-8564.118869
-8507.374457
-8515.429429
-8528.561334
-8465.024888
-8423.204430
-8449.008403
-8539.751783
-8496.171284
-8489.215893
-8520.129730
-8524.023720
-8467.282513
-8474.477585
-8464.554443
-8459.814893
-8439.661400
-8425.570616
-8423.082123
-8427.524812
-8450.195549
-8410.938687
-8454.913281
-8423.867846
-8369.594273
-8338.381389
-8329.557249
-8314.694606
-8307.499606
-8282.428983
-8335.599592
-8321.042502
-8319.853439
-8381.017964
-8305.856314
-8316.879423
-8345.718259
-8292.985515
-8252.894173
-8250.805972
-8240.806554
-8247.106155
-8230.144789
-8234.201560
-8267.787749
-8260.633648
-8216.952002
-8216.019479
-8242.460868
-8199.503358
-8171.558918
-8192.203329
-8165.097482
-8150.340131
-8118.009766
-8109.459727
-8147.002162
-8170.481148
-8130.802966
-8165.697453
-8138.883207
-8092.552175
-8039.809909
-8063.934097
-8056.662732
-8062.754727
-8011.530922
-8077.626406
-8080.968255
-8019.537806
-8010.033087
-8024.963026
-7986.333125
-7947.752563
-7864.201722
-7773.602319
-7671.739006
-7619.580285
-7514.668770
-7497.296969
-7556.988851
-7562.618218
-7523.473254
-7468.183459
-7448.240896
-7477.253309
-7467.779798
-7495.233730
-7417.800362
-7364.135387
-7328.167518
-7219.700293
-7244.943809
-7224.246780
-7152.704339
-7096.059686
-7159.772221
-7055.981350
-7005.148778
-7004.374371
-7067.389291
-7052.635220
-7022.029663
-7099.879660
-7068.793055
-6991.892362
-7028.040775
-6949.992268
-6923.965223
-6874.023258
-6921.004042
-6878.450881
-6786.003345
-6742.906944
-6724.059878
-6757.276552
-6726.659613
-6723.143068
-6697.273695
-6731.039946
-6721.035342
-6782.895798
-6769.103546
-6823.397886
-6858.358521
-6820.850747
-6830.010222
-6892.690045
-6894.390696
-6930.617316
-6914.560952
-6910.056216
-6907.099912
-6872.788342
-6889.305511
-6888.427037
-6896.266768
-6854.803851
-6828.952264
-6785.489470
-6779.710716
-6799.403911
-6791.141923
-6800.340851
-6763.694393
-6773.343560
-6772.992762
-6800.271679
-6755.657163
-6760.050691
-6731.982667
-6744.309304
-6707.938319
-6692.708440
-6747.831160
-6745.584629
-6741.528088
-6814.775891
-6770.232253
-6851.819425
-6883.136926
-6871.375973
-6847.440575
-6843.238731
-6801.939798
-6764.529118
-6758.560881
-6813.286463
-6735.793864
-6717.439001
-6756.842126
-6705.939052
-6678.548207
-6670.597435
-6632.489336
-6606.775828
-6594.078879
-6600.183674
-6586.503456
-6617.346010
-6619.667317
-6605.824424
-6549.437393
-6574.091772
-6625.708097
-6665.167159
-6698.664161
-6634.567015
-6544.388753
-6528.925692
-6433.642364
-6466.668953
-6431.495267
-6391.770933
-6401.972994
-6439.973694
-6463.496444
-6553.301769
-6575.035352
-6568.773371
-6560.040657
-6579.071989
-6588.720333
-6589.650123
-6598.155586
-6560.834728
-6546.241145
-6550.961671
-6581.208292
-6587.948527
-6591.623655
-6599.561497
-6639.133602
-6647.615965
-6632.623050
-6653.128904
-6632.063587
-6607.408293
-6614.390060
-6593.229511
-6614.617691
-6669.463365
-6656.744571
-6664.035058
-6697.885939
-6660.908955
-6613.129581
-6579.715176
-6559.593673
-6530.792452
-6552.900200
-6575.871282
-6578.964700
-6621.236597
-6640.204588
-6617.721429
-6644.911506
-6602.047129
-6619.312555
-6634.132967
-6619.307441
-6650.149515
-6601.954482
-6547.587255
-6493.258726
-6497.118598
-6555.655344
-6545.423802
-6549.651049
-6506.969383
-6503.496933
-6505.458793
-6552.220144
-6616.153559
-6556.826646
-6584.874524
-6628.210073
-6650.202619
-6671.282231
-6688.841929
-6654.468840
-6655.431916
-6661.007102
-6621.031428
-6653.830418
-6655.027916
-6606.257059
-6691.301109
-6689.088188
-6617.449161
-6658.717334
-6639.919365
-6638.628594
-6643.996736
-6627.953887
-6656.358020
-6650.165376
-6512.582641
-6469.244228
-6398.439124
-6397.073187
-6395.629715
-6390.811366
-6402.682912
-6405.670994
-6395.038523
-6421.623227
-6450.456330
-6469.777058
-6489.601773
-6520.818067
-6501.427828
-6451.155500
-6457.119692
-6478.330979
-6495.571904
-6506.212519
-6507.489442
-6521.314014
-6568.972075
-6498.545741
-6466.984002
-6462.990639
-6447.983173
-6458.365077
-6429.909202
-6431.896976
-6434.802219
-6406.990918
-6373.495188
-6349.142939
-6333.699426
-6343.980225
-6333.910382
-6350.333891
-6303.452623
-6306.191202
-6277.210316
-6290.627380
-6290.846760
-6293.682560
-6263.506771
-6224.780124
-6242.094685
-6210.346870
-6190.030896
-6189.627122
-6178.730635
-6188.138632
-6210.442158
-6221.588754
-6205.018557
-6227.396339
-6214.755100
-6255.318554
-6237.373327
-6244.870410
-6263.792782
-6306.361787
-6319.023547
-6322.455838
-6320.031517
-6299.213126
-6313.494463
-6286.347384
-6254.729732
-6265.503144
-6221.169313
-6266.147447
-6214.742434
-6209.717825
-6205.927415
-6198.883642
-6189.400395
-6192.989184
-6196.805629
-6176.544578
-6126.695920
-6141.602373
-6131.911428
-6081.415517
-6075.946077
-6086.324221
-6119.932156
-6122.211998
-6153.686305
-6213.893473
-6190.034884
-6196.924179
-6183.371801
-6143.960589
-6154.333383
-6162.636833
-6183.201234
-6153.535647
-6143.756489
-6148.539145
-6144.295580
-6126.668937
-6149.672176
-6129.742673
-6142.894871
-6148.148557
-6148.026455
-6151.837075
-6146.577768
-6146.121580
-6132.507650
-6117.945026
-6074.911712
-6116.479965
-6146.032251
-6141.985698
-6143.530483
-6132.884572
-6147.258157
-6178.671240
-6182.216022
-6174.365073
-6166.077190
-6128.465018
-6124.089753
-6154.069307
-6161.671417
-6141.842654
-6152.014494
-6149.004344
-6153.959103
-6151.271507
-6160.248312
-6156.945477
-6164.289477
-6164.451088
-6175.963943
-6176.978956
-6153.567431
-6147.221071
-6138.547135
-6141.972186
-6145.865478
-6098.595163
-6098.472987
-6102.372159
-6096.404296
-6088.031162
-6098.900125
-6089.588492
-6097.311604
-6096.023665
-6085.386077
-6069.425420
-6040.691473
-6039.708105
-6036.179211
-6019.978473
-6003.468154
-6038.588951
-6022.721111
-6050.740348
-6032.413136
-6055.819784
-6066.797584
-6049.594878
-6071.375820
-6054.258367
-6027.277930
-5952.538150
-5946.423522
-5899.526690
-5924.233901
-5950.586936
-5968.246236
-6002.543910
-6014.945825
-5996.251873
-5978.256725
-5959.758801
-6013.255795
-5998.358940
-6039.817927
-6011.098201
-6025.116915
-5994.773284
-6044.231379
-5997.907934
-5959.708357
-5934.780350
-5884.863189
-5904.184744
-5907.118011
-5898.721731
-5890.430916
-5826.310744
-5844.999815
-5822.402102
-5827.207955
-5786.847547
-5767.574115
-5771.939120
-5776.451715
-5762.184373
-5753.534823
-5752.379305
-5755.549790
-5752.411656
-5753.295516
-5750.894011
-5745.125930
-5753.488039
-5745.402630
-5751.746558
-5759.117229
-5775.187172
-5790.939234
-5809.199740
-5786.652416
-5738.282882
-5746.908316
-5784.542178
-5758.756914
-5738.830298
-5744.017252
-5745.887428
-5740.016579
-5736.917518
-5739.200727
-5737.966609
-5740.661012
-5741.277751
-5748.365046
-5757.780365
-5750.286635
-5773.079682
-5764.679482
-5741.369365
-5750.472290
-5766.576263
-5744.005308
-5747.793881
-5744.988598
-5741.302568
-5752.942239
-5758.419519
-5761.503061
-5762.893689
-5759.302720
-5756.939841
-5743.302465
-5749.693911
-5741.819136
-5749.171047
-5748.920589
-5742.248471
-5741.336882
-5745.343358
-5744.699171
-5774.708297
-5791.377450
-5789.615019
-5771.123161
-5758.823816
-5740.923388
-5747.834406
-5743.881839
-5739.829662
-5739.774963
-5739.225173
-5739.906960
-5730.736661
-5737.331175
-5727.122961
-5721.702323
-5730.094871
-5731.772499
-5723.274189
-5739.566702
-5740.156773
-5744.212350
-5748.520424
-5749.106140
-5743.081137
-5750.237702
-5733.289254
-5728.884729
-5725.641344
-5727.696100
-5720.041922
-5714.183029
-5734.253185
-5734.238063
-5702.988890
-5715.493919
-5710.606886
-5710.625046
-5711.695004
-5707.934097
-5704.952405
-5706.584021
-5710.494768
-5709.860935
-5729.408460
-5750.179039
-5744.952273
-5744.977139
-5768.306867
-5803.082104
-5785.546938
-5774.176726
-5777.188855
-5782.026352
-5782.978153
-5782.458423
-5783.982599
-5777.365110
-5746.097302
-5754.806213
-5781.861973
-5735.047847
-5728.059016
-5731.512476
-5703.623492
-5710.287851
-5710.356461
-5710.286795
-5729.703164
-5732.166330
-5733.427007
-5720.770766
-5718.135123
-5721.097868
-5720.729385
-5720.541253
-5731.651275
-5724.965655
-5718.883081
-5735.305962
-5716.451088
-5717.109814
-5716.060019
-5708.547655
-5714.603167
-5722.703359
-5719.989990
-5721.842085
-5727.585973
-5733.497173
-5738.492395
-5762.315972
-5735.718480
-5740.576770
-5761.010701
-5757.670350
-5774.462940
-5771.520227
-5796.141271
-5787.298265
-5786.208070
-5750.334436
-5736.593628
-5740.912416
-5699.771817
-5695.142182
-5705.671464
-5711.776591
-5709.703170
-5704.553987
-5709.993194
-5694.653127
-5699.423762
-5695.948112
-5709.855078
-5714.078782
-5725.919145
-5738.300505
-5751.443583
-5755.091702
-5800.943633
-5788.124750
-5786.564734
-5798.752563
-5836.299301
-5826.303356
-5795.011206
-5765.031532
-5732.199386
-5724.271160
-5735.033940
-5726.526811
-5751.869132
-5740.395216
-5747.536765
-5753.047330
-5741.872571
-5722.201111
-5706.072040
-5709.448067
-5707.859886
-5699.312977
-5698.668228
-5693.116570
-5701.417934
-5692.778337
-5700.172320
-5726.902609
-5710.504184
-5708.126657
-5704.830697
-5699.957271
-5715.472366
-5705.255638
-5701.656924
-5700.498829
-5698.522542
-5695.765064
-5701.417139
-5701.272692
-5714.638671
-5738.594049
-5731.540406
-5730.639138
-5776.851398
-5746.751748
-5765.376919
-5739.705842
-5763.516161
-5763.005474
-5747.852945
-5733.070178
-5729.460987
-5708.602865
-5704.738968
-5703.591214
-5720.481487
-5714.363638
-5717.733871
-5727.620150
-5707.541590
-5692.965624
-5698.220937
-5690.822822
-5684.677336
-5689.116693
-5690.286878
-5689.810138
-5691.506868
-5685.657617
-5695.727875
-5691.932382
-5688.672852
-5696.329701
-5696.224682
-5692.741644
-5688.021507
-5695.655917
-5687.918268
-5684.501493
-5690.024410
-5691.927502
-5692.595396
-5688.248286
-5701.287454
-5709.858610
-5723.442792
-5752.234643
-5798.816364
-5789.011436
-5761.948868
-5748.373243
-5755.257387
-5751.525190
-5725.185036
-5729.343681
-5721.032792
-5720.084789
-5703.919180
-5702.865589
-5704.964298
-5705.047304
-5701.329549
-5695.516253
-5697.055446
-5697.654482
-5700.610455
-5696.995497
-5705.110572
-5706.561929
-5732.225786
-5743.598868
-5754.620044
-5755.831722
-5784.806953
-5801.089704
-5794.461218
