-10364.346794
-10849.958188
-11113.346202
-11200.366210
-11169.412389
-11112.939363
-11071.202907
-11206.268942
-11112.792799
-11112.574298
-11105.868874
-11145.600083
-11126.574327
-11158.077252
-11115.369168
-11019.984286
-11020.111815
-11186.929719
-11086.416881
-11080.854792
-11067.765242
-11206.936440
-11250.350021
-11197.752216
-11124.358824
-11204.379956
-10959.529003
-11007.952983
-11235.828153
-11114.695139
-11099.492850
-11071.236766
-11057.614910
-11235.177844
-11013.112983
-11071.463068
-11069.721357
-11082.877325
-11167.369186
-11085.561659
-11062.001131
-11198.629106
-11187.082174
-11158.825199
-11155.399594
-11183.306167
-10999.636343
-11186.621046
-11159.550101
-11000.398588
-11076.406091
-11203.218593
-11148.360535
-11179.883177
-11255.902656
-11159.126993
-11150.393820
-11124.452799
-11225.455953
-10998.905360
-11169.598568
-11200.132708
-11194.141047
-11136.353235
-11122.700786
-11134.930588
-11091.385652
-11170.661766
-11201.441997
-11062.697730
-11040.038639
-11007.492723
-11124.255325
-11192.665639
-11136.651292
-11101.880450
-11123.273147
-11021.486211
-11078.993406
-10986.032675
-11151.014092
-11127.461454
-10992.156033
-11083.100777
-11090.358129
-10995.453442
-11014.336016
-11112.884536
-11078.361965
-11037.443790
-11061.819109
-11018.649466
-11121.627531
-11167.099056
-11091.791263
-11083.483645
-11051.488945
-11007.796906
-11218.533021
-11231.802751
-11188.609076
-11058.046573
-11084.275335
-11135.365265
-11093.349435
-11120.014811
-11169.743602
-11293.469990
-11135.238276
-11110.177259
-11066.664998
-11135.383350
-11200.418009
-11083.841244
-11291.628693
-11249.594105
-11170.002878
-11241.125580
-11067.890457
-11117.632417
-11191.091795
-11094.949363
-11159.085129
-11070.705598
-11049.846877
-11192.684040
-11171.327549
-11076.322755
-11026.098912
-11144.211914
-11044.929087
-11026.338031
-11257.767568
-11189.304245
-11068.449146
-11000.183371
-11007.957994
-11083.866304
-11077.641647
-11112.678371
-11062.226754
-11141.506141
-10922.373692
-11079.764600
-10981.442543
-11111.120852
-11046.153188
-11140.385476
-11117.784168
-11148.926128
-11103.878817
-11115.088672
-11060.361609
-11037.423324
-10966.457368
-10990.568838
-11103.023096
-10939.698576
-11132.291109
-11157.484797
-11114.266812
-11158.048461
-11184.794690
-11159.995556
-11207.829220
-11002.695578
-11054.696424
-10989.444484
-11164.065639
-11057.404171
-11106.533097
-11049.774426
-11088.341741
-11030.968322
-10967.110168
-10954.833924
-11096.203957
-11024.540320
-11074.377842
-11117.787834
-11107.987511
-11042.385482
-11007.732306
-11100.876848
-11038.665382
-11049.338731
-11125.837768
-11040.105292
-10973.211523
-11081.612478
-11025.931446
-11095.035356
-11041.721376
-11031.972422
-11096.610077
-10962.541472
-10989.159538
-11085.649695
-10986.433269
-11065.793290
-11069.463528
-11065.148274
-11071.900388
-10935.034738
-10954.972362
-11045.400573
-11041.712184
-11054.683482
-11082.483655
-10992.680020
-11024.604369
-11010.169082
-11056.646822
-11093.672957
-11047.672189
-11040.836255
-11077.769997
-11021.171154
-11171.362688
-11198.693362
-11146.259174
-11148.155826
-11077.176287
-11023.600251
-11013.243625
-10983.191928
-11033.116372
-11138.491046
-10986.202597
-10918.089402
-10986.632653
-10973.508091
-11044.160055
-11000.485057
-11094.614476
-11014.281539
-11113.606455
-11117.624653
-11009.751382
-10955.422171
-11008.289295
-11010.611628
-10954.941404
-10931.883933
-11123.554746
-11096.989665
-11046.588041
-11071.653108
-11067.794848
-10987.528019
-10989.315057
-10885.814872
-11003.219796
-10964.266587
-10942.626076
-10896.495185
-11080.162145
-10985.098721
-10915.741174
-11079.460385
-11071.205099
-11093.461374
-10943.886819
-10890.292702
-10821.388867
-10914.505255
-10954.275693
-11000.665099
-10893.773176
-11020.387757
-10951.861313
-10853.176187
-10874.886672
-10969.388259
-11118.727576
-11024.148026
-10902.021937
-10955.722303
-10901.596870
-10906.005346
-10849.364033
-10991.224977
-10925.600004
-11004.805701
-10975.255298
-10992.538597
-10991.590192
-10948.593085
-11025.991298
-10889.068523
-10887.200547
-10845.274565
-10991.508749
-10996.586791
-10980.158438
-10953.608606
-10887.620557
-11063.269081
-10971.978177
-10951.920206
-11098.644609
-10945.021283
-10978.389457
-10822.371914
-10922.348402
-11029.869303
-10973.996126
-10906.025788
-10902.836138
-10867.053854
-10950.789745
-10929.350613
-10932.047934
-10899.278191
-10806.804355
-10856.493607
-10771.878830
-10774.119831
-10728.880777
-10760.629172
-10858.105101
-10968.751163
-10877.978450
-10764.491412
-10800.485395
-10884.687725
-10826.595329
-10845.198194
-10825.439594
-10883.918558
-10892.086075
-10988.185911
-10840.155710
-10870.559311
-10778.946664
-10762.642611
-10607.632287
-10786.664210
-10770.855633
-10859.058629
-10831.747148
-10786.421048
-10611.245896
-10597.518483
-10622.569430
-10690.594113
-10726.824846
-10665.255318
-10654.357723
-10648.786450
-10603.398668
-10732.142339
-10775.243316
-10813.245341
-10748.970024
-10802.500375
-10735.749508
-10643.757725
-10670.297515
-10674.294135
-10695.706033
-10626.446995
-10589.948596
-10607.312102
-10592.102427
-10625.151013
-10540.036882
-10557.281495
-10528.947244
-10614.598435
-10588.277307
-10535.272188
-10476.017066
-10497.679431
-10450.340892
-10448.265172
-10387.159014
-10355.534666
-10246.971420
-10327.388313
-10284.385656
-10340.634358
-10332.132520
-10228.774350
-10271.440673
-10250.779874
-10280.179257
-10184.240249
-10132.573423
-10288.411473
-10320.905023
-10154.086684
-10245.610014
-10294.722180
-10347.637589
-10212.266108
-10203.461011
-10129.275653
-10034.468626
-9852.565278
-9839.969677
-9781.916675
-9750.766318
-9610.471273
-9507.506319
-9346.752466
-9273.710420
-9341.212866
-9094.008234
-8957.805437
-8845.821765
-8749.368039
-8662.118290
-8532.820665
-8551.193426
-8570.991651
-8581.849167
-8498.031276
-8486.066288
-8546.973758
-8500.130649
-8501.778592
-8508.606487
-8530.898942
-8560.734295
-8561.248832
-8549.025133
-8512.352926
-8538.454968
-8495.665433
-8499.659958
-8515.354062
-8500.815968
-8501.316942
-8540.760872
-8458.787677
-8482.845795
-8457.411901
-8505.943253
-8469.389953
-8446.362647
-8468.482106
-8424.034906
-8391.050687
-8365.585472
-8403.953731
-8393.998914
-8296.287526
-8298.548455
-8317.627789
-8347.572646
-8343.793892
-8379.945350
-8371.343065
-8375.668868
-8385.034445
-8365.068766
-8376.578534
-8356.022212
-8378.459231
-8395.153940
-8372.804763
-8372.056946
-8342.550640
-8301.573826
-8272.356304
-8278.701820
-8277.634547
-8270.579125
-8237.625455
-8271.183072
-8249.375400
-8254.588939
-8254.920067
-8239.553450
-8238.529887
-8178.440537
-8209.926295
-8199.326624
-8261.317137
-8252.035761
-8173.574071
-8244.260573
-8231.674756
-8231.527955
-8227.999169
-8222.983612
-8253.429333
-8208.615094
-8191.078713
-8166.723383
-8143.144917
-8099.000568
-8067.494059
-8092.067437
-8036.201305
-8027.803369
-8056.435448
-7991.148252
-7998.493122
-7925.706333
-7860.521904
-7905.514833
-7971.497969
-8000.890884
-8011.004415
-7945.599281
-7954.977301
-7920.182531
-7868.786976
-7841.038780
-7888.628691
-7868.397023
-7857.549950
-7832.828223
-7824.144797
-7767.615945
-7813.788639
-7731.860666
-7659.189942
-7622.299327
-7637.281667
-7667.411073
-7639.368912
-7714.432577
-7667.994068
-7690.408708
-7692.639007
-7650.564512
-7598.950678
-7564.694840
-7495.315090
-7463.292931
-7483.954956
-7507.353574
-7537.261834
-7526.001330
-7461.868697
-7420.959199
-7351.489887
-7299.996082
-7270.556273
-7273.328485
-7305.987432
-7290.708935
-7315.587837
-7244.874489
-7250.781466
-7238.933537
-7190.787206
-7215.991408
-7251.095920
-7235.659711
-7239.483767
-7308.732189
-7296.052144
-7249.871949
-7214.341448
-7237.636865
-7235.910373
-7204.348454
-7177.469152
-7192.556019
-7214.761794
-7223.241277
-7190.222266
-7173.346224
-7144.598411
-7169.356725
-7152.109299
-7133.594003
-7178.539783
-7145.353197
-7108.549436
-7143.033590
-7112.430592
-7135.309148
-7093.151714
-7105.095514
-7038.281635
-7035.065232
-7045.421752
-7025.712424
-6965.630398
-6994.690505
-7006.862189
-7016.227075
-7034.266719
-7019.758838
-6965.167595
-6964.504226
-6979.300703
-6995.857369
-6989.936562
-6959.580751
-6932.054206
-6980.317060
-6969.313895
-7016.427390
-7000.654815
-7018.612148
-6966.855611
-7001.179103
-6983.896947
-6973.650586
-7053.982098
-7023.655611
-7043.653975
-6965.969766
-6957.460120
-6873.923468
-6832.580388
-6775.967056
-6800.817754
-6761.585995
-6806.571937
-6778.242274
-6806.365458
-6816.738673
-6808.267158
-6805.703499
-6844.245013
-6855.558298
-6878.807063
-6865.585960
-6804.331740
-6767.899830
-6790.629104
-6765.498359
-6865.960596
-6854.412571
-6895.553626
-6861.052759
-6803.142385
-6785.597593
-6770.593717
-6749.107981
-6769.849803
-6783.073112
-6777.772018
-6803.127902
-6819.588910
-6799.418397
-6807.264268
-6830.606159
-6815.139019
-6837.461245
-6842.668508
-6842.673958
-6833.019688
-6869.129331
-6868.215809
-6874.210199
-6866.717770
-6882.133156
-6913.456178
-6858.922091
-6860.706984
-6864.742213
-6857.936755
-6878.764198
-6852.859792
-6855.373148
-6878.265797
-6888.534143
-6873.568170
-6860.485217
-6853.355420
-6868.570932
-6852.868588
-6821.259599
-6837.740395
-6836.970392
-6850.157692
-6810.079682
-6773.483588
-6769.557920
-6815.040974
-6858.631423
-6838.694864
-6792.608451
-6781.600626
-6720.485688
-6705.192557
-6669.335164
-6562.237899
-6549.503891
-6536.328336
-6538.450944
-6481.698141
-6470.568538
-6425.918426
-6455.382761
-6454.269717
-6446.942507
-6511.993236
-6510.225799
-6564.269211
-6593.664252
-6602.669814
-6650.372362
-6671.753091
-6687.136316
-6680.923841
-6678.661302
-6639.994842
-6647.914679
-6687.048149
-6670.340297
-6644.580685
-6622.371583
-6634.716658
-6644.516322
-6619.977868
-6610.390492
-6608.743488
-6583.108686
-6530.219481
-6541.473664
-6549.739353
-6585.736859
-6568.074185
-6573.660254
-6590.258711
-6569.184040
-6597.358795
-6547.664961
-6560.915518
-6582.831659
-6625.715184
-6611.892088
-6589.855569
-6590.261230
-6582.306710
-6581.986267
-6584.850879
-6605.047709
-6577.648100
-6572.869633
-6552.404964
-6504.321537
-6532.069945
-6522.635080
-6434.625144
-6470.278354
-6450.691296
-6476.921841
-6454.249413
-6440.817872
-6457.200704
-6516.403506
-6518.378745
-6591.751216
-6589.408036
-6622.047910
-6605.968912
-6599.744884
-6624.639083
-6612.956621
-6667.577665
-6626.115871
-6643.248505
-6643.071867
-6649.942797
-6656.334130
-6653.606436
-6647.546754
-6656.826740
-6659.061867
-6661.354629
-6644.513148
-6652.860143
-6652.170829
-6664.341520
-6683.863134
-6696.615509
-6680.849593
-6700.207541
-6706.755103
-6708.865998
-6730.906577
-6714.509979
-6715.611060
-6745.456446
-6799.280466
-6792.169770
-6787.525797
-6783.621708
-6758.871776
-6763.874875
-6787.621707
-6736.758526
-6698.754996
-6709.585382
-6708.788251
-6678.816588
-6701.604893
-6715.665541
-6711.678340
-6717.269942
-6674.154499
-6685.090568
-6707.739485
-6727.220090
-6728.394297
-6744.753243
-6743.677665
-6726.203619
-6726.399384
-6714.898217
-6733.722293
-6759.945448
-6739.143832
-6754.744821
-6764.284553
-6779.611817
-6786.212052
-6802.904241
-6813.405791
-6783.049476
-6756.726326
-6727.492437
-6712.504104
-6688.897049
-6713.580291
-6731.650541
-6683.747585
-6688.934736
-6719.866117
-6738.363853
-6740.549844
-6722.776258
-6744.895991
-6750.814626
-6729.392472
-6717.365719
-6697.735993
-6722.027254
-6682.137914
-6645.310583
-6665.405028
-6699.156047
-6713.018784
-6716.090779
-6681.665112
-6705.164121
-6745.226179
-6782.883031
-6769.479948
-6749.853104
-6759.816275
-6752.255015
-6764.733039
-6789.648753
-6785.784360
-6788.713219
-6752.347205
-6761.502330
-6773.942983
-6781.416054
-6787.120342
-6758.656732
-6696.576979
-6676.982435
-6630.277611
-6603.283357
-6597.503283
-6600.866003
-6606.028401
-6593.279887
-6585.381329
-6580.948596
-6582.746494
-6593.699622
-6593.260065
-6599.612340
-6624.655979
-6657.728098
-6675.526418
-6668.994753
-6662.093710
-6663.302747
-6651.511990
-6644.218852
-6658.061248
-6716.455896
-6705.272195
-6714.749300
-6714.591407
-6711.507191
-6707.368557
-6737.081755
-6699.694390
-6689.613743
-6670.816950
-6673.371418
-6701.320528
-6685.377219
-6707.895258
-6702.261317
-6664.267247
-6663.258090
-6668.654381
-6672.907301
-6689.887290
-6685.459750
-6669.466570
-6647.957564
-6674.731394
-6723.532244
-6697.246957
-6706.767675
-6719.351603
-6743.181446
-6725.733025
-6712.664635
-6697.743287
-6601.786433
-6581.734932
-6562.414479
-6547.622384
-6549.126251
-6588.012933
-6595.189475
-6624.519383
-6640.555295
-6631.247562
-6638.215364
-6652.388896
-6698.201778
-6695.146786
-6696.058125
-6650.596920
-6607.967497
-6596.610002
-6611.323965
-6593.861412
-6587.055718
-6569.357688
-6560.679417
-6567.967226
-6560.729568
-6604.635760
-6672.973923
-6691.767120
-6700.838267
-6695.479940
-6654.670353
-6634.075777
-6618.397412
-6613.374563
-6595.054578
-6575.888281
-6558.257476
-6558.121567
-6556.972845
-6557.525918
-6569.020122
-6560.162583
-6578.067903
-6569.532723
-6563.241065
-6572.798672
-6593.970969
-6615.697876
-6611.039905
-6601.082115
-6642.874712
-6623.263818
-6618.800886
-6561.514449
-6552.068320
-6564.037120
-6564.320200
-6576.956104
-6575.003380
-6553.901174
-6543.121329
-6554.031966
-6555.565148
-6556.824403
-6559.457303
-6587.865349
-6603.552454
-6588.301231
-6576.854029
-6605.890672
-6593.983559
-6626.847976
-6632.445533
-6657.843643
-6660.368209
-6660.726275
-6647.926887
-6622.188946
-6606.208832
-6606.901847
-6596.193686
-6605.577394
-6614.668252
-6606.374133
-6639.564826
-6616.035296
-6618.913208
-6591.631416
-6607.990459
-6579.128077
-6574.028904
-6574.739496
-6588.573629
-6609.821495
-6652.287751
-6645.084472
-6609.419150
-6604.830045
-6591.008824
-6596.490910
-6615.744400
-6609.175822
-6629.461850
-6625.485063
-6628.680257
-6624.651277
-6621.369250
-6632.781184
-6629.892389
-6618.691459
-6634.860475
-6627.196118
-6614.300008
-6609.856126
-6604.461774
-6618.561176
-6631.990400
-6597.327896
-6613.459609
-6606.385925
-6604.688489
-6602.389865
-6611.218022
-6613.160483
-6619.785080
-6612.248435
-6614.141660
-6649.080291
-6622.769800
-6617.272335
-6623.121153
-6641.745106
-6653.043778
-6637.962837
-6624.043162
-6612.956819
-6603.234603
-6604.115009
-6611.693097
-6617.985624
-6610.553474
-6618.880487
-6593.408979
-6583.781798
-6621.132377
-6591.966593
-6601.713624
-6604.859921
-6596.545267
-6603.023426
-6584.851521
-6580.670620
-6580.172858
-6586.105356
-6585.117174
-6587.336576
-6593.256938
-6583.394765
-6584.633842
-6580.093144
-6584.230092
-6589.087624
-6587.907026
-6593.892112
-6590.975373
-6587.607428
-6587.721669
-6611.833794
-6607.008502
-6592.197530
-6581.030010
-6587.785404
-6611.580248
-6649.273454
-6595.413365
-6602.840713
-6597.084436
-6594.886770
-6594.667628
-6595.806898
-6612.495317
-6624.491067
-6611.521176
-6631.523781
-6623.043283
-6655.194820
-6647.639196
-6621.632174
-6629.065736
-6606.517148
-6608.232524
-6642.337746
-6652.153877
-6650.416035
-6617.101822
-6627.760805
-6620.789936
-6680.434091
-6718.211168
-6642.407445
-6642.885843
-6643.482744
-6635.239495
-6624.499953
-6621.990313
-6633.198331
-6647.136029
-6649.426329
-6645.452532
-6640.368277
-6633.655873
-6619.969083
-6585.711550
-6552.344841
-6572.757854
-6563.568202
-6543.237144
-6544.838100
-6550.107835
-6558.551153
-6566.930101
-6551.764656
-6544.115260
-6539.900005
-6544.098709
-6555.277917
-6544.635893
-6558.506328
-6554.816633
-6553.438870
-6560.497708
-6554.508909
-6560.902875
-6576.140350
-6563.668925
-6558.378703
-6555.621538
-6552.515378
-6558.107740
-6554.738658
-6565.301929
-6573.294990
-6582.526905
-6589.261239
-6606.712606
-6585.003036
-6590.254340
-6597.694611
-6592.797360
-6602.761947
-6582.689435
-6567.946748
-6554.414683
-6562.375090
-6564.847437
-6556.092961
-6562.427636
-6572.721450
-6575.375832
-6595.532936
-6596.781299
-6614.276226
-6610.102598
-6603.358022
-6596.681855
-6585.795884
-6557.807083
-6581.999804
-6593.733263
-6573.049619
-6621.404310
-6606.224457
-6613.427611
-6608.936878
-6572.400034
-6577.406057
-6570.091594
-6619.044691
-6624.642263
-6597.990586
-6630.030373
-6591.051530
-6600.529817
