-10346.8091614
-10989.3107252
-11078.3287894
-11136.0895674
-11129.1893254
-11089.3514094
-11114.4648918
-11162.5112486
-11097.8611258
-11115.5165712
-11147.8624702
-11188.053522
-11121.5643024
-11159.0980104
-11114.898923
-11147.6088174
-11132.6092666
-11106.1793214
-11191.3916998
-11201.1187584
-11106.7893362
-11190.1385874
-11128.2817084
-11119.2138538
-11120.6406108
-11143.5050318
-11100.545477
-11103.1804312
-11175.8736724
-11118.465865
-11093.8855356
-11128.6103184
-11142.8694974
-11199.0641424
-11068.2767162
-11096.7498792
-11113.135051
-11151.2179912
-11118.5835152
-11121.3800568
-11094.7623106
-11119.5783348
-11141.176036
-11142.9203544
-11076.114096
-11140.0424228
-11167.578963
-11151.781478
-11139.6875594
-11103.0923224
-11135.134464
-11166.7892072
-11161.768292
-11168.8398878
-11134.176769
-11146.7115806
-11116.0935908
-11110.5107598
-11101.4580056
-11029.1810658
-11123.5135132
-11106.831475
-11133.005535
-11108.5920786
-11121.8921888
-11143.1948844
-11136.9564406
-11133.1255534
-11152.7967914
-11149.9592322
-11097.7521276
-11089.1798216
-11172.3030648
-11132.629948
-11099.1270774
-11098.5240078
-11122.7118068
-11083.0231472
-11095.5824502
-11077.044906
-11107.1317916
-11122.6311866
-11073.707399
-11092.3974184
-11111.4579148
-11097.643875
-11111.9569462
-11126.8943824
-11128.3904364
-11103.795708
-11118.4894268
-11131.9474764
-11128.3300134
-11148.3759504
-11128.7670528
-11137.15889
-11088.2042994
-11075.5445842
-11165.0867244
-11106.4897214
-11113.30397
-11039.2175778
-11078.2938138
-11078.9525756
-11102.2407854
-11173.339254
-11103.8543776
-11127.6582994
-11149.0690478
-11128.2718374
-11178.1110932
-11174.8952454
-11093.166151
-11087.8843592
-11133.1276044
-11146.9451042
-11070.3854688
-11149.3319704
-11085.0975732
-11086.039326
-11127.0039304
-11133.9141212
-11153.3336266
-11118.5057952
-11121.7164236
-11059.5541122
-11137.0820868
-11091.3453932
-11097.5170128
-11097.551755
-11057.7868194
-11166.7655548
-11185.7138222
-11121.0217482
-11103.9346754
-11056.2175008
-11038.4360028
-11118.688118
-11057.5215338
-11095.2525988
-11079.2294518
-11105.6207664
-11048.5603658
-11112.3060572
-11085.0510412
-11139.2180634
-11107.5446192
-11112.4708596
-11123.6232428
-11100.4617046
-11087.5697148
-11129.649016
-11110.6515916
-11086.466457
-11076.03539
-11033.6042324
-11092.1194102
-11046.6880562
-11052.0001682
-11123.6583978
-11127.2763772
-11112.1727048
-11143.8342786
-11073.184887
-11109.9157284
-11093.5893034
-11129.2909416
-11081.8982896
-11057.5951914
-11089.6558508
-11104.9962308
-11072.3365972
-11114.8140616
-11024.397417
-11066.7005712
-11049.9503698
-11039.489349
-11035.1512382
-11082.5937136
-11096.8520144
-11088.4784872
-11043.1465144
-11082.1467054
-11166.5642556
-11104.2733564
-11103.0445174
-11096.6791354
-11053.9416608
-11081.3526394
-11057.2579844
-11039.9429992
-11093.3438948
-11087.066315
-11105.3939962
-11075.8704054
-11013.4587524
-11033.1008262
-11092.6825324
-11051.3786366
-11054.5812794
-11086.9869934
-11077.65902
-11049.7725212
-11042.0569858
-11039.6557216
-10994.6241812
-11055.1023224
-11047.809032
-11126.6695698
-11001.5658484
-11081.8857922
-11081.935754
-11090.6860788
-11069.2383322
-11041.9006822
-11059.8287558
-11092.5790668
-11097.2834932
-11093.2549682
-11086.0422748
-11056.105204
-11094.9768622
-11021.7449024
-11027.8041084
-11038.4413032
-11053.485909
-11028.4097678
-11090.1400964
-11028.5122528
-11050.5618688
-11053.6989714
-11007.9240978
-11064.7585682
-11089.5038314
-11017.6391594
-11006.398477
-11006.4268162
-11092.9693636
-11062.9061812
-11070.4750568
-11031.3371922
-11012.9141188
-11013.4841416
-11011.5088916
-11081.9096006
-11055.2109238
-11013.9754634
-10999.9779426
-11002.7567578
-11042.627247
-11024.0569526
-10993.2477932
-11010.3279846
-11009.2459012
-10943.3569638
-11029.3609816
-11007.5843052
-11034.1099114
-10972.2599566
-11059.5117768
-11011.349761
-11054.9681412
-10978.5346556
-10955.5617284
-10960.81877
-10926.5125536
-10944.8995776
-10966.0773944
-10982.3407662
-10978.304304
-10916.8521046
-10996.8347672
-10991.946243
-10993.527071
-10968.5170604
-10996.8676132
-10969.9956242
-10987.468372
-10927.6257626
-10952.6326944
-10919.2336998
-10951.1303366
-10937.7186328
-10965.8090694
-10977.4250054
-10963.3755246
-10986.0171782
-10988.3540024
-10975.8717484
-10936.6893658
-10935.863369
-10902.9618294
-10959.702748
-10970.7492084
-10931.3223542
-10937.8603744
-10936.5729388
-10917.7389984
-10948.6637798
-10928.8232024
-10927.702655
-10933.305724
-10917.4145604
-10938.5076298
-10921.7516794
-10920.082301
-10910.8185746
-10893.3913612
-10896.0873084
-10907.445382
-10910.7774536
-10868.9413766
-10883.3008042
-10900.8808458
-10847.3802148
-10934.817138
-10829.1462762
-10824.1108804
-10805.9407198
-10827.0481222
-10810.398408
-10889.8896394
-10870.634346
-10831.7804914
-10807.666978
-10880.8304048
-10861.293991
-10830.8621112
-10856.1972348
-10809.6216452
-10824.6600274
-10843.82133
-10805.1908858
-10803.6100378
-10811.1182572
-10787.3283486
-10735.2060224
-10768.6534218
-10789.5503702
-10776.5815446
-10746.5948606
-10785.0361102
-10735.1183608
-10697.583431
-10701.2053166
-10732.047645
-10730.0955928
-10715.6693376
-10751.021505
-10772.3573294
-10712.0389354
-10732.2888682
-10743.0912898
-10748.753743
-10683.3115494
-10685.6573222
-10688.3568738
-10657.5350698
-10674.6086784
-10653.8040966
-10611.4405238
-10680.478087
-10674.5874854
-10574.8342156
-10661.7135458
-10646.941125
-10600.6732198
-10621.1826482
-10636.966907
-10585.024061
-10575.124904
-10549.3461766
-10549.1599084
-10517.3715224
-10474.8951004
-10563.761798
-10519.4480164
-10480.095072
-10412.1998306
-10412.789494
-10431.8194862
-10386.5038882
-10394.7956886
-10317.4049604
-10295.2367776
-10318.9690008
-10302.5705978
-10275.56057
-10220.2390426
-10225.0437102
-10249.8793348
-10244.451816
-10252.9520138
-10213.2063942
-10161.5955304
-10105.3358198
-10020.399524
-9861.5569046
-9786.618638
-9750.743175
-9723.7549966
-9626.2368446
-9549.3619362
-9424.5412534
-9400.908246
-9277.5199696
-9180.662774
-9088.2655512
-8991.3845948
-8898.93955
-8784.7290462
-8734.6017698
-8667.6896456
-8609.9418246
-8575.6539004
-8563.85146
-8569.8648396
-8534.9214902
-8532.776643
-8547.485901
-8531.1066494
-8500.3982278
-8511.9705362
-8535.5885516
-8531.0381946
-8537.149205
-8523.304048
-8541.571368
-8523.914602
-8512.6559014
-8510.0483946
-8506.007471
-8496.2495082
-8487.88324
-8504.3831096
-8469.5240632
-8488.871412
-8491.717284
-8488.6736698
-8478.1767502
-8467.0010654
-8462.6205304
-8443.6868216
-8428.8943702
-8404.7270232
-8426.8767902
-8425.822633
-8405.465175
-8410.1103872
-8425.4637488
-8416.6338368
-8385.0776316
-8376.3839606
-8380.4277876
-8386.2816338
-8389.029957
-8378.5509606
-8385.0799904
-8365.8033584
-8366.7027002
-8379.3020878
-8355.479124
-8357.190343
-8344.6636008
-8323.2367292
-8308.9887232
-8308.3028378
-8304.413236
-8291.9228528
-8282.6137478
-8300.3417848
-8302.4606482
-8288.3852162
-8268.0043292
-8273.9081806
-8248.8721742
-8238.6030688
-8230.0832728
-8219.3657776
-8222.706047
-8214.3394526
-8188.391686
-8211.0636064
-8204.5025006
-8192.4813478
-8167.81351
-8178.3381974
-8160.9250338
-8139.9876948
-8129.7085958
-8108.2710218
-8107.179228
-8086.105733
-8040.1523586
-8056.1733378
-8040.0047034
-8023.9260116
-8006.2413324
-7997.90115
-7980.4372928
-7940.8249444
-7899.771391
-7905.2342994
-7888.172715
-7869.8215232
-7833.957122
-7779.6645584
-7776.4449908
-7741.240468
-7716.4428556
-7682.8575452
-7684.5310064
-7684.6534732
-7656.7818876
-7674.5151606
-7624.2118962
-7600.4030608
-7601.887626
-7559.9239954
-7539.3110774
-7491.2804078
-7447.687265
-7431.1132186
-7428.949765
-7394.4260228
-7350.4925236
-7350.767693
-7370.2056308
-7360.4502834
-7328.812604
-7357.7990086
-7318.890883
-7291.9680224
-7281.2391328
-7270.3794988
-7256.7048484
-7234.5326594
-7206.8470704
-7195.9070794
-7137.4186584
-7097.7876656
-7082.7644018
-7083.344302
-7070.4756168
-7070.3114784
-7071.9093668
-7048.9950438
-7063.259816
-7073.8083564
-7058.6581522
-7063.4274208
-7076.1988196
-7040.5490102
-7049.0824064
-7063.6205018
-7037.1681556
-7035.556275
-7055.1382836
-7058.068414
-7031.2337778
-7020.0362456
-7025.485411
-7043.6859822
-7049.6561944
-7052.5836516
-7032.6220402
-7032.0437008
-7024.0521738
-7042.7934862
-7020.7586476
-6998.8979254
-6994.2444564
-6981.4242416
-6965.52823
-6974.733005
-6964.8189806
-6968.1206806
-6931.0154378
-6914.5577858
-6894.6631892
-6897.5951002
-6906.2866914
-6886.8673762
-6881.223021
-6886.7363014
-6890.5047148
-6902.1894882
-6908.826587
-6895.1137524
-6891.5675636
-6892.7348386
-6880.4204446
-6888.988786
-6877.4450524
-6872.6074432
-6852.31545
-6839.8271572
-6844.5767764
-6813.9180264
-6808.2209876
-6789.058185
-6747.413867
-6763.035272
-6739.6818642
-6732.082389
-6757.8334622
-6759.7404418
-6747.04014
-6715.2869096
-6713.0100352
-6699.5604832
-6683.4714464
-6702.1531022
-6732.4524272
-6717.8085454
-6687.1593644
-6689.6863836
-6663.3914304
-6670.1069244
-6670.5381352
-6619.525121
-6608.4253874
-6641.430949
-6640.4441182
-6661.9750436
-6657.2935876
-6637.4569362
-6619.2301638
-6620.6445896
-6640.3072178
-6623.9859268
-6650.1101906
-6660.18135
-6638.746138
-6633.8117406
-6632.5980978
-6622.8288244
-6607.9940504
-6599.3656204
-6600.872601
-6606.913013
-6618.2342508
-6615.5743568
-6610.7581616
-6628.565429
-6629.3783484
-6622.8086788
-6625.4293192
-6651.406655
-6647.1723724
-6646.7754086
-6656.0236026
-6651.1346454
-6633.9208886
-6617.8197002
-6602.1994438
-6580.2742104
-6585.1463904
-6603.7781544
-6591.8676112
-6594.5166404
-6582.5055272
-6584.4080506
-6595.62116
-6570.9233056
-6584.8281762
-6584.0253188
-6568.9114728
-6592.856087
-6584.8624086
-6566.1237104
-6577.0473262
-6571.4719592
-6586.4551658
-6561.388234
-6550.8202938
-6556.0572728
-6552.0657636
-6569.2784034
-6582.2963526
-6573.5904486
-6550.662866
-6531.6808258
-6525.5116466
-6511.0170574
-6498.1649998
-6492.4528638
-6476.7652538
-6477.6240078
-6476.3148972
-6460.4251596
-6447.7824922
-6452.02073
-6431.3969528
-6446.7124826
-6477.7061526
-6468.789576
-6490.4651292
-6496.594893
-6484.849799
-6492.6909092
-6493.399274
-6506.5674932
-6519.1305744
-6498.1798774
-6476.2490618
-6464.393927
-6473.5467966
-6484.0022592
-6460.475838
-6454.2881958
-6447.8679026
-6456.7893896
-6448.462849
-6436.0696336
-6420.6337518
-6393.8393934
-6387.3389572
-6399.1586556
-6391.6799626
-6390.8083842
-6384.338826
-6376.254435
-6378.2035634
-6385.8047776
-6385.293196
-6383.0727488
-6360.0096382
-6359.704501
-6366.7625814
-6362.1729448
-6367.8827176
-6353.232324
-6332.3364388
-6324.9657378
-6330.2752124
-6336.3922422
-6328.1555728
-6312.7701354
-6316.8252502
-6305.6992158
-6301.9872628
-6298.5321498
-6285.1753946
-6285.3917942
-6292.6649838
-6289.0771118
-6292.476301
-6271.2119732
-6264.4168762
-6278.829631
-6264.9770412
-6270.1030594
-6254.8545516
-6260.6223456
-6256.0597766
-6254.8142656
-6260.0458194
-6254.709323
-6266.5321248
-6261.643761
-6267.8451176
-6272.82912
-6274.5942902
-6280.6128138
-6285.100004
-6280.9467536
-6280.3624226
-6291.681249
-6284.3893996
-6285.1141964
-6282.2713496
-6267.4417392
-6271.5758442
-6271.2186256
-6286.9614754
-6277.7487794
-6269.2571348
-6267.492099
-6261.0055028
-6269.5106736
-6281.8535774
-6285.751712
-6295.925718
-6296.4698418
-6298.8814598
-6306.734366
-6292.9764456
-6300.5356836
-6310.2184186
-6314.2045734
-6285.8875522
-6292.6254098
-6313.228796
-6331.7737104
-6338.3839944
-6339.566979
-6313.4360148
-6319.5001088
-6308.234426
-6303.9476674
-6292.929125
-6293.8568416
-6290.3386864
-6285.2877802
-6287.4231098
-6281.7133482
-6277.7215022
-6284.3497416
-6284.9376628
-6285.7332764
-6299.5289074
-6292.9428988
-6297.1617302
-6303.1743628
-6290.4075156
-6296.3108354
-6307.0310716
-6301.8470382
-6290.927363
-6284.897852
-6271.0056436
-6266.2830942
-6265.5254842
-6276.6277206
-6280.390804
-6272.0612726
-6268.862373
-6284.507069
-6284.6810004
-6283.1400426
-6278.004447
-6287.8519054
-6283.7797452
-6283.1938866
-6279.004639
-6275.1028744
-6282.338916
-6282.5541856
-6279.2995696
-6284.5866826
-6281.8656262
-6271.5042868
-6273.1152972
-6273.417105
-6279.33348
-6292.4124506
-6286.7870114
-6290.3729876
-6282.7351472
-6296.0349376
-6292.8479994
-6288.7395628
-6275.6890478
-6274.1321826
-6275.5429256
-6273.8310102
-6281.009995
-6285.1850626
-6283.7919452
-6294.2846094
-6292.0213656
-6275.5823856
-6283.6209602
-6257.8023006
-6260.0086752
-6245.2044948
-6244.054862
-6250.4090118
-6241.4759634
-6244.9163616
-6243.0491384
-6244.5685668
-6240.7349728
-6222.12236
-6195.1137588
-6221.3003226
-6238.7932052
-6248.1958004
-6250.624648
-6248.9902132
-6249.3162512
-6245.7506664
-6235.228447
-6257.2192672
-6262.423068
-6264.9974514
-6256.6239378
-6249.9940454
-6257.9749932
-6278.9978232
-6278.7928572
-6259.8688394
-6239.9938518
-6238.6296552
-6244.5982804
-6239.2543404
-6241.059672
-6247.4816916
-6230.1051204
-6216.9249278
-6198.1934844
-6198.3687322
-6199.993334
-6209.6764756
-6199.117364
-6194.8969598
-6201.5967124
-6200.3714238
-6187.1454976
-6167.4415496
-6156.421577
-6164.479749
-6160.413124
-6151.8996592
-6159.9490954
-6154.0409096
-6129.9647662
-6134.433765
-6126.0616518
-6136.1222914
-6137.5631834
-6156.2509536
-6139.7542384
-6147.605291
-6169.9230854
-6162.5193674
-6150.8340712
-6153.7358894
-6152.3721686
-6150.2738922
-6158.5301712
-6149.9343038
-6139.8125216
-6145.298946
-6134.4968298
-6134.9077978
-6115.228653
-6116.514152
-6105.2263898
-6100.661045
-6096.9354996
-6104.0124896
-6101.454877
-6096.5886366
-6095.120031
-6093.592796
-6098.199106
-6097.9914002
-6093.6182182
-6082.805251
-6051.5584522
-6045.6824288
-6053.9362072
-6051.8448748
-6042.9765782
-6034.4919654
-6037.147987
-6034.8130398
-6042.1437852
-6041.0284194
-6004.0020728
-6005.8077902
-6017.2775552
-6025.2255362
-6041.3770594
-6033.0894676
-6034.9480396
-6020.3947486
-6016.1582202
-5998.8040656
-5999.5510042
-6003.4118124
-6002.9413882
-6007.5341804
-6003.650665
-6000.697373
-5993.9316934
-5995.923939
-5999.6193206
-6004.6970934
-6005.2946694
-6011.3201278
-6010.7262082
-6017.5640232
-6014.6645026
-6027.581869
-6022.733814
-6023.2309934
-6014.3467138
-6018.4157668
-6026.019074
-6037.9091796
-6028.1810904
-6015.9299566
-6016.0359462
-6026.628813
-6019.8289098
-6023.5319086
-6019.2862784
-6020.7247044
-6028.963561
-6032.1635592
-6035.841856
-6020.0615338
-6016.2790934
-6018.4664418
-6016.2320928
-6024.286839
-6027.4195026
-6039.3267724
-6040.4575152
-6049.8279748
-6034.2914266
-6037.7264734
-6031.7213018
-6032.7630258
-6040.6162248
-6034.2852886
-6040.7388516
-6036.7358556
-6031.2324006
-6031.3239626
-6034.3401696
-6028.2385888
-6023.6736914
-6026.1970566
-6025.6238802
-6026.9890592
-6023.976021
-6024.2176462
-6023.021629
-6030.8864986
-6030.3451208
-6028.8868844
-6030.5436844
-6029.3521818
-6029.6319116
-6024.70547
-6038.4687632
-6026.4656532
-6029.2192568
-6026.1355116
-6029.5685226
-6028.4071348
-6017.3148124
-6020.3075926
-6028.3059032
-6029.5045322
-6024.8377212
-6021.5868764
-6022.567212
-6012.6273024
-6011.6574562
-6026.372461
-6020.927912
-6022.5507944
-6017.230079
-6021.9256876
-6015.5017086
-6013.7899556
-6036.5376284
-6024.2368188
-6023.966246
-6010.2909684
-6003.776499
-6017.2630286
-6006.647032
-5999.2565838
-6006.7311614
-6016.2000064
-6022.1630022
-6027.9742552
-6027.3577828
-6019.401751
-6035.372937
-6036.646208
-6042.0657048
-6035.7688486
-6024.5203018
-6006.563466
-6008.4158754
-6011.47969
-6013.767435
-6017.595653
-6024.4109962
-6024.81819
-6023.7248438
-6022.973641
-6019.5783256
-6024.2265406
-6005.3674808
-6001.3828176
-6004.6934016
-6007.0174974
-6009.041373
-6006.288068
-6013.5964202
-6013.252408
-6002.752638
-5998.5014526
-5992.0898226
-5998.5222642
-6000.4245566
-5995.8884828
-5998.0713136
-5993.355621
-5992.2584932
-6010.3005264
-6008.4360832
-6012.8909056
-6000.2622522
-5999.5689028
-6003.817561
-6018.070682
-6024.2407432
-6007.1201708
-6007.6810252
-6005.2770186
-6008.0450836
-6005.1233546
-6009.6461042
-6005.8522356
-6023.7033792
-6027.1417626
-6019.7104522
-6016.3496742
-6027.0474694
-6018.6768948
-6021.0484814
-6015.8207812
-6023.364435
-6017.371429
-6003.5968962
-5998.7410678
-6001.0329044
-6002.7911422
-5997.2265226
-6002.248571
-6015.4982356
-6017.7008066
-6020.4152614
-6028.3055986
-6008.138477
-6000.8784918
-6000.903983
-5999.5035402
-5999.3099536
-6000.7326534
-6009.6905924
-6014.1357444
-6021.1675006
-6023.3598296
-6034.1776668
-6047.4184034
-6041.6430738
-6044.968079
-6042.0791162
-6025.906707
-6013.0328742
-6021.264875
-6019.3706154
-6014.985995
-6027.1044622
-6035.3381092
-6027.632725
-6015.5529688
-6008.1659212
-6011.0761102
-6005.371115
-6024.4766596
-6040.8775726
-6026.086321
-6021.2733352
-6023.2865208
-6027.5436062
-6032.7950378
-6037.5614504
-6046.3844534
-6040.350007
-6031.5031672
-6022.5726918
-6011.6700058
-6013.7892774
-6020.0032986
-6018.283454
-6003.2316454
-6014.982983
-6013.9158904
-6017.8088686
-6015.635856
-6009.9744868
-6020.6324336
-6031.1935646
-6050.1898302
-6066.6329316
-6075.4325054
-6089.995798
-6084.8338796
-6077.8736474
