-10338.210476
-10983.108128
-11073.402073
-11239.278862
-11136.593158
-11129.428794
-11110.273458
-11180.855872
-11181.957763
-11028.310076
-11072.898470
-11138.326508
-11277.609416
-11111.857684
-11082.488653
-11211.976308
-11195.948392
-11053.628475
-11302.278137
-11293.591628
-11086.472877
-11051.742612
-11038.872677
-11124.647951
-11186.999768
-11190.885108
-11138.881165
-11116.900106
-11205.870643
-11137.358624
-11097.536420
-11148.276980
-11325.820210
-11278.157962
-11139.586116
-11048.627884
-11106.398603
-11160.049855
-11085.629127
-11114.746725
-11030.601482
-11060.858092
-11081.896120
-11075.949915
-10983.575848
-11219.335898
-11255.153441
-11171.252334
-11152.088513
-11283.354056
-11208.964466
-11129.531433
-11131.602924
-11053.424925
-11179.631457
-11104.399338
-11187.352071
-11054.889018
-10930.603300
-10976.249648
-11019.966274
-10925.935644
-11067.988394
-11069.988362
-11085.062074
-11136.898460
-11247.983212
-11161.513574
-11044.461087
-11079.040421
-11047.550932
-11092.031455
-11226.697069
-11076.454923
-11038.705313
-11085.779285
-11119.371878
-11110.535790
-11135.733508
-11099.796461
-11160.081934
-11198.428983
-11125.325723
-11195.820403
-11096.175487
-11104.414088
-11103.612996
-11123.126979
-11293.374369
-11121.295463
-11156.419236
-11189.687581
-11203.365281
-11085.116660
-11146.516623
-11212.221668
-11174.054647
-11012.369501
-11121.721574
-11150.146416
-11088.895546
-11036.758522
-11055.956180
-11054.202678
-11186.479798
-11203.271219
-11068.667542
-11102.125820
-11306.037794
-11155.517752
-11173.567290
-11220.424119
-11044.961099
-11155.733571
-10975.421493
-11127.691939
-10991.479786
-11082.207633
-11027.214929
-11169.716603
-11197.865539
-11189.689810
-11205.540846
-11142.702208
-11220.967248
-11114.758646
-11114.312505
-11130.913994
-11054.712665
-11066.536654
-10979.495084
-11311.938737
-11078.256237
-11033.676678
-11113.436128
-11116.925494
-10958.931653
-11137.249175
-10938.715752
-11145.488097
-11141.034960
-11086.199694
-11104.877115
-11108.862431
-11153.127049
-11195.114842
-11052.826958
-11078.031809
-11082.144860
-11048.635449
-11062.124357
-11231.663213
-11130.564221
-11039.544780
-11169.967886
-11092.657423
-11064.505558
-11081.974455
-10960.545974
-11029.965498
-11042.920752
-11067.511256
-11095.363887
-10969.096300
-11055.403371
-11116.876844
-11202.401276
-11083.600743
-11026.208650
-11059.041433
-11186.872124
-11103.059824
-11135.159487
-10941.246497
-11108.452638
-11042.822341
-10971.221159
-10997.067891
-11139.074005
-11047.994144
-11083.885058
-11099.564945
-11096.685048
-11233.648534
-11219.239197
-11092.300778
-11142.789293
-11031.268926
-11099.647553
-10994.690248
-10972.442109
-11107.455302
-11076.951705
-11101.950771
-10988.165545
-11009.807960
-11122.127877
-11108.418340
-10989.404010
-10982.962171
-11066.620236
-10980.017993
-10952.067098
-10950.975117
-11152.258006
-10968.567729
-11032.797710
-10981.671537
-11099.367267
-11002.752500
-11075.820342
-11057.753633
-11146.252260
-11046.539535
-11138.199935
-11051.022340
-11167.871331
-11112.290153
-11055.916107
-11101.259730
-10954.056315
-11094.759775
-10902.002048
-11013.255396
-11051.700933
-11055.914875
-11114.787812
-11005.644294
-11022.176603
-11034.167259
-11053.197739
-11128.125855
-11214.868975
-11180.740731
-11145.549930
-11042.312483
-10928.167675
-11158.771025
-11074.316537
-11151.207117
-11110.444447
-10937.963085
-10983.620610
-11075.077719
-11090.150950
-11053.571366
-10924.254261
-10991.337158
-10953.825648
-11216.542675
-10977.932221
-11061.997622
-11016.730384
-10984.134825
-10967.629517
-10997.778862
-10895.649724
-10977.862028
-10916.348355
-11141.840571
-10979.794885
-11035.129850
-11054.278234
-11035.510170
-10983.858713
-10887.837560
-10911.200935
-10932.871741
-10938.253416
-10831.473272
-10961.533426
-11037.358650
-11014.870384
-10938.457636
-10802.355438
-10933.339711
-11042.228258
-11025.976091
-10929.745401
-10993.077583
-10929.988930
-10969.824062
-10915.960709
-10852.254163
-10914.562963
-10853.424122
-10951.202415
-10956.822076
-10926.100419
-10938.147067
-10822.703996
-10815.720376
-10828.714326
-10925.227633
-10839.294233
-10952.054165
-10963.344571
-10906.995892
-10941.821754
-11039.416721
-10928.084326
-10917.966672
-10800.841616
-10905.431847
-10899.998085
-10915.529033
-10793.870271
-10804.005975
-10819.951794
-10916.868123
-10903.261781
-10719.075180
-10777.175643
-10804.776070
-10927.640776
-10857.647735
-10824.220476
-10759.866960
-10829.113901
-10895.477511
-10962.390999
-10967.030953
-10848.694555
-10928.731607
-10745.891773
-10912.244535
-10862.599507
-10827.579568
-10867.515304
-10829.114383
-10756.385988
-10851.237858
-10779.274805
-10685.199612
-10816.997939
-10846.038618
-10871.172890
-10829.487208
-10927.670790
-10685.934291
-10777.974761
-10961.097846
-10865.164900
-10766.661674
-10752.569145
-10672.009450
-10849.204997
-10866.828948
-10913.114617
-10963.626535
-10742.643383
-10738.772579
-10834.579986
-10815.927139
-10788.163784
-10611.556095
-10605.434212
-10645.462418
-10639.330689
-10642.746629
-10592.528933
-10630.452584
-10689.840216
-10583.006321
-10681.796308
-10689.552459
-10605.052849
-10471.211865
-10618.063705
-10571.991386
-10502.082452
-10518.096667
-10512.104265
-10508.288837
-10572.460655
-10624.738675
-10678.375384
-10694.328320
-10482.377021
-10481.116090
-10599.758234
-10459.613635
-10381.869416
-10303.351069
-10339.554057
-10318.850797
-10224.127509
-10334.197645
-10248.231077
-10263.457777
-10314.416023
-10342.870414
-10311.079391
-10227.163438
-10147.325060
-9952.612559
-9999.949342
-9905.126253
-9703.361413
-9870.322931
-9871.928936
-9697.232771
-9573.424978
-9336.581228
-9261.160311
-9172.725733
-8973.005851
-8984.282434
-8935.355148
-8817.884762
-8649.189562
-8679.625040
-8600.971208
-8603.336248
-8559.264268
-8577.873173
-8620.307845
-8600.632160
-8573.521819
-8562.578618
-8568.027009
-8541.378336
-8559.975257
-8552.059572
-8588.149202
-8589.262302
-8590.114705
-8615.987477
-8551.561626
-8516.783605
-8506.802487
-8550.292369
-8536.258171
-8549.867038
-8508.440444
-8461.347776
-8479.537884
-8510.535908
-8498.012791
-8513.902033
-8488.961688
-8483.215925
-8480.916933
-8436.202019
-8398.846603
-8434.695322
-8420.496040
-8410.182848
-8451.695278
-8451.762764
-8446.941259
-8411.894696
-8411.220019
-8434.034275
-8458.890657
-8411.071465
-8394.551951
-8373.936208
-8368.415495
-8394.888873
-8384.517275
-8382.856859
-8372.143930
-8349.955388
-8371.528619
-8360.540088
-8325.187012
-8283.798006
-8297.952162
-8289.846847
-8270.068832
-8264.730668
-8278.699852
-8258.534389
-8273.371397
-8212.442446
-8225.997617
-8213.323548
-8218.816331
-8209.961421
-8196.317199
-8187.299426
-8220.962771
-8201.147949
-8175.597743
-8152.133815
-8141.358457
-8129.479172
-8153.530601
-8141.686526
-8108.935295
-8118.207097
-8082.866588
-8038.987223
-8048.149129
-8087.655013
-8106.063077
-8015.370481
-8009.971307
-7988.077687
-7956.543422
-7934.409655
-7951.783081
-7972.902704
-7959.416948
-7944.891624
-7905.266046
-7854.075174
-7840.233801
-7853.745390
-7816.583960
-7742.327999
-7764.254440
-7714.345718
-7680.131305
-7649.995639
-7629.297481
-7645.406483
-7619.217442
-7586.688439
-7570.762570
-7520.592360
-7495.495506
-7500.594899
-7479.657389
-7445.176533
-7444.887940
-7445.756552
-7418.438896
-7445.430473
-7451.467606
-7393.031108
-7349.588322
-7299.251647
-7302.281325
-7223.216447
-7237.955955
-7254.075138
-7261.563601
-7183.577189
-7159.296150
-7128.692080
-7097.406658
-7044.236636
-7093.195740
-7110.261685
-7094.700490
-7159.607017
-7092.231357
-7032.707780
-7067.898375
-7033.175603
-7006.324046
-7023.673539
-7010.716620
-6984.280210
-7009.986839
-7066.130712
-7072.706317
-7067.414592
-7021.299069
-7016.932512
-7032.792127
-7065.812788
-7068.143914
-7058.468820
-7081.730077
-7060.776049
-7056.737381
-7071.734777
-7085.196132
-7053.537195
-7029.965535
-6973.800229
-6915.295438
-6905.568892
-6955.207770
-6892.350082
-6862.120380
-6840.814792
-6889.801387
-6895.142077
-6875.537221
-6894.497284
-6911.717560
-6905.258712
-6912.746358
-6930.905059
-6958.185951
-6952.173676
-6970.886381
-6970.530624
-6967.464120
-6937.105306
-6903.767063
-6915.897179
-6850.674464
-6903.877830
-6874.136866
-6846.082072
-6817.697119
-6772.511832
-6874.700384
-6878.694712
-6826.289760
-6788.612631
-6777.195523
-6768.391397
-6734.410164
-6755.652313
-6738.891325
-6694.856212
-6788.237037
-6804.455282
-6836.609115
-6783.622706
-6764.624082
-6725.379823
-6747.006230
-6756.320951
-6714.320321
-6715.030153
-6754.301940
-6738.938188
-6730.756034
-6745.618634
-6719.815770
-6708.395155
-6724.561504
-6711.909666
-6710.943856
-6720.308586
-6740.601467
-6724.877369
-6743.149251
-6692.136663
-6672.008667
-6679.865464
-6679.568343
-6647.877764
-6698.394596
-6691.197854
-6725.351953
-6703.162369
-6709.044274
-6686.954917
-6730.822235
-6704.449480
-6725.263077
-6740.903419
-6682.084526
-6686.167322
-6638.315545
-6599.933114
-6577.912547
-6576.541933
-6590.075485
-6549.930427
-6575.440963
-6503.997351
-6448.633730
-6410.658372
-6405.645285
-6449.832042
-6415.435885
-6454.132535
-6418.855762
-6360.855925
-6367.258904
-6403.384118
-6410.812342
-6446.549505
-6429.451307
-6422.116379
-6404.363294
-6391.775190
-6405.040801
-6399.984861
-6406.699413
-6406.804691
-6415.757393
-6418.384274
-6401.794496
-6398.636107
-6383.486715
-6385.070334
-6411.524045
-6395.962148
-6391.762391
-6358.788137
-6371.080048
-6338.736375
-6331.270889
-6363.507450
-6358.168479
-6380.028092
-6382.311047
-6423.381368
-6427.053096
-6407.388758
-6410.928972
-6406.402759
-6445.390634
-6443.634073
-6420.674836
-6412.178442
-6392.251101
-6401.785684
-6438.576400
-6451.745836
-6469.197456
-6471.219089
-6479.120460
-6463.924919
-6425.817666
-6439.719464
-6426.544714
-6436.635991
-6460.914663
-6450.978664
-6415.096031
-6402.872432
-6356.533296
-6351.709972
-6339.267662
-6321.223734
-6345.736644
-6332.755245
-6336.556077
-6296.429221
-6282.043098
-6306.100435
-6237.678124
-6171.787027
-6151.577520
-6165.737490
-6193.988750
-6145.709573
-6124.845903
-6157.990152
-6124.552309
-6074.540715
-6062.917855
-6068.313705
-6122.296073
-6168.636093
-6193.780804
-6182.361597
-6153.163973
-6121.963140
-6154.696983
-6151.876665
-6136.182102
-6086.719301
-6092.364881
-6090.526103
-6063.610698
-6078.969176
-6095.462390
-6074.559352
-6104.734394
-6087.526579
-6080.247820
-6083.391167
-6047.094706
-6025.479919
-6012.616471
-6032.387167
-6070.396703
-6068.270890
-6066.007306
-6071.194686
-6027.736570
-6050.545223
-6061.787335
-6076.923669
-6089.182453
-6040.050507
-6038.307361
-6023.135583
-6052.670618
-6095.026124
-6107.042786
-6145.467986
-6131.746281
-6100.068459
-6135.866656
-6152.479434
-6186.517153
-6174.554824
-6156.160347
-6116.476355
-6132.144469
-6160.898052
-6181.040134
-6174.564720
-6164.964393
-6132.804746
-6168.930778
-6161.593356
-6143.719289
-6136.772172
-6134.870970
-6131.665121
-6149.544731
-6161.017034
-6157.874055
-6157.743044
-6159.613867
-6155.876728
-6148.854328
-6167.121786
-6147.791275
-6139.261405
-6132.668303
-6115.765061
-6140.818517
-6131.680622
-6102.757446
-6107.509024
-6105.332415
-6089.003797
-6103.418341
-6088.362305
-6106.126916
-6106.548807
-6115.056830
-6123.062034
-6136.760934
-6115.225704
-6115.460988
-6137.728537
-6160.555774
-6152.797201
-6144.655667
-6147.932197
-6136.921274
-6144.617313
-6139.956412
-6152.666884
-6154.114774
-6121.331201
-6104.752068
-6108.811262
-6139.552660
-6118.087698
-6120.619731
-6113.764040
-6115.869544
-6099.273263
-6098.938372
-6101.605184
-6098.736321
-6087.261910
-6090.539461
-6080.362930
-6080.665982
-6111.137362
-6126.182421
-6120.902291
-6130.065567
-6133.503000
-6139.446856
-6131.575548
-6124.526819
-6136.234592
-6135.627633
-6129.350401
-6109.989842
-6079.806696
-6072.971454
-6075.643112
-6120.116289
-6125.757006
-6095.189746
-6065.804333
-6074.986562
-6081.857384
-6100.381179
-6110.494592
-6101.784834
-6072.995672
-6077.520112
-6041.888448
-6067.764253
-6086.854012
-6083.965214
-6081.231572
-6060.799901
-6096.642050
-6069.880952
-6090.596399
-6097.835564
-6074.487460
-6090.740158
-6091.794225
-6093.908638
-6095.580036
-6088.399662
-6083.738359
-6041.547585
-6037.623460
-6029.061152
-6062.583707
-6100.777960
-6104.717804
-6087.544415
-6108.497555
-6093.009189
-6022.676065
-6016.866852
-5952.251837
-5945.863226
-5926.679684
-5951.553229
-5973.193319
-5971.034366
-5949.115479
-5973.763538
-5950.083607
-5990.940109
-6027.189743
-6044.646884
-6018.218795
-6021.280187
-6043.824623
-6035.365292
-5998.455413
-6009.458162
-6001.723261
-5996.689290
-6025.863264
-5998.994491
-5955.788451
-5984.064701
-5925.272099
-5928.858750
-5886.588876
-5899.198286
-5856.813329
-5857.091147
-5871.866003
-5877.169706
-5818.092352
-5797.807660
-5816.328425
-5804.494544
-5837.053144
-5849.886951
-5854.897552
-5832.646851
-5756.498788
-5726.048111
-5770.433059
-5778.697737
-5765.040505
-5724.524956
-5708.534035
-5711.140136
-5739.901069
-5709.364230
-5612.929529
-5613.013624
-5625.820599
-5638.288778
-5695.666780
-5664.701879
-5647.364160
-5593.015930
-5552.477929
-5531.872878
-5534.326562
-5532.290184
-5529.080398
-5530.456925
-5529.784522
-5528.343861
-5522.213170
-5519.010098
-5525.058289
-5525.932240
-5529.360571
-5530.314859
-5519.010098
-5521.186845
-5519.010098
-5530.456925
-5533.364896
-5531.098260
-5517.856964
-5517.856964
-5521.186845
-5519.010098
-5514.241636
-5503.510115
-5519.010098
-5534.766201
-5534.326562
-5536.569537
-5527.574180
-5532.290184
-5555.096354
-5566.350261
-5552.107768
-5529.102872
-5530.223888
-5544.256752
-5536.620499
-5533.728207
-5531.039250
-5543.170172
-5526.490497
-5531.893199
-5512.803797
-5504.932514
-5503.158429
-5518.086244
-5512.803797
-5527.365028
-5525.579426
-5539.930887
-5538.298402
-5537.007408
-5537.007408
-5538.558804
-5525.579426
-5529.778391
-5530.515509
-5541.995240
-5542.438473
-5542.702630
-5545.305322
-5545.321622
-5542.579806
-5568.042648
-5551.471447
-5562.516915
-5565.141655
-5553.438050
-5596.615609
-5556.649953
-5550.623625
-5539.868008
-5548.777623
-5536.910385
-5526.070471
-5526.070471
-5532.551835
-5528.812944
-5538.748488
-5545.300667
-5554.390853
-5545.801950
-5542.274921
-5551.340457
-5548.452269
-5532.659363
-5517.161415
-5518.975763
-5523.020697
-5529.937479
-5535.937919
-5529.927148
-5530.954064
-5524.265147
-5530.797959
-5553.535200
-5549.192919
-5525.579426
-5528.203948
-5534.804086
-5544.410691
-5596.048423
-5575.600491
-5548.602294
-5539.413151
-5558.638364
-5550.194657
-5560.294738
-5561.128687
-5518.086244
-5532.535118
-5537.007408
-5523.643640
-5529.008128
-5526.490497
-5530.515509
-5526.490497
-5536.328925
-5530.790405
-5548.109670
-5544.139109
-5533.276978
-5541.311643
-5550.359220
-5552.859423
-5543.718810
-5545.757755
-5528.363281
-5517.216460
-5504.932514
-5508.269762
-5514.445387
-5521.715767
-5538.312143
-5540.717847
-5535.585544
-5527.812798
-5540.717847
-5536.531616
-5526.520978
-5533.576493
-5517.624384
-5521.548200
-5525.019835
-5506.241827
-5506.241827
-5519.256796
-5519.256796
-5522.333252
-5524.607315
-5535.107695
-5534.256759
-5544.392490
-5554.561349
-5538.697872
-5532.080248
-5543.858105
-5535.895828
-5556.300653
-5584.324481
-5585.499325
-5583.349533
-5545.508641
-5556.419849
-5557.676795
-5577.482947
-5546.156121
-5599.129774
-5625.056416
-5660.580766
-5652.243070
-5674.567949
-5610.782459
-5572.144159
-5538.560049
-5516.083880
-5526.920548
-5523.376158
-5538.950091
-5514.876083
-5588.819115
-5594.332852
-5637.196666
-5661.852625
-5646.539213
-5665.192206
-5676.254945
-5658.329692
-5650.766197
-5672.266509
-5660.972161
-5667.563930
-5690.418563
-5692.400199
-5649.612544
-5598.668294
-5584.233249
-5596.298750
-5595.845393
-5637.753108
-5671.869582
-5635.317419
-5635.317419
-5647.281967
-5654.214113
-5653.483132
-5699.691766
-5728.349379
-5715.041495
-5684.380748
-5673.996484
-5627.875587
-5671.869582
-5682.336551
-5632.859554
-5601.460895
-5609.664599
-5635.317419
-5660.972161
-5642.559561
-5647.281967
-5700.146767
-5707.690683
-5723.862530
-5751.642557
-5803.701154
-5822.979816
-5841.807937
-5828.802181
