-10208.014092
-10786.215111
-10770.621504
-10842.975868
-10741.350144
-10777.657897
-10660.668972
-10906.346327
-10881.692103
-10894.173048
-10944.911840
-10943.327760
-10825.825530
-10825.070141
-10894.417508
-11013.227507
-10958.321418
-11013.237113
-10886.719834
-10942.322765
-10923.014752
-10920.733803
-10862.730836
-11015.655766
-10995.784812
-11046.505910
-11000.314731
-10995.297202
-10995.991112
-11078.714798
-10920.656403
-11026.817836
-10864.220834
-10886.341087
-10911.934713
-10915.995181
-10860.667501
-10937.623814
-10812.772541
-10970.127979
-10920.980556
-10914.493335
-11016.575930
-10955.459273
-10925.489226
-10970.755598
-10832.721811
-10914.468010
-10894.734498
-10953.965751
-10963.735070
-10908.691227
-10924.359067
-10963.082929
-10969.489080
-10820.060845
-10854.310281
-10818.636778
-10856.804082
-10914.162651
-10913.642918
-10910.961050
-10973.619222
-10973.902726
-10986.719760
-10875.521001
-10907.135207
-10880.803720
-10832.996745
-10861.016647
-10888.848376
-10961.801153
-10988.796248
-11016.488843
-10841.347292
-10891.943998
-10807.262181
-11043.257832
-10964.143001
-10864.958276
-10845.523789
-10888.612123
-11024.010645
-10984.457390
-10876.013856
-10972.871369
-10949.014795
-10980.203682
-10883.377318
-10912.383341
-10918.853548
-10779.590091
-10814.490339
-10888.203254
-10754.708982
-10907.909873
-10749.541807
-11044.552985
-10853.584839
-10812.834538
-10925.407910
-10941.788301
-10845.954025
-10967.208480
-10936.828442
-11068.151965
-10893.242399
-10950.353851
-10819.266506
-10990.908668
-10926.017558
-10793.843309
-10790.032007
-10897.089994
-10971.201017
-10968.078452
-10839.137261
-10985.335421
-11026.602508
-10856.877317
-10947.903843
-11019.435826
-11003.895794
-10890.011981
-10883.316321
-10877.198959
-10828.265646
-10924.443620
-10931.068003
-10909.293137
-10951.561064
-10915.156878
-10971.685011
-10872.680965
-10970.450858
-10894.759336
-11016.436123
-10807.313022
-10833.460121
-10985.387939
-10852.673040
-10856.962183
-10833.039440
-10972.081378
-10891.512096
-11041.783944
-10831.586198
-10789.595340
-10748.053181
-10854.319911
-10855.156114
-10774.354431
-10781.729646
-10861.270139
-10802.494121
-10694.845568
-10860.326303
-10885.660424
-10996.793644
-10921.846723
-11010.056858
-10949.915350
-10931.074703
-10901.327609
-10944.957145
-11073.177680
-10926.087481
-10898.777175
-10780.401120
-10959.309675
-10852.903129
-10897.551137
-10724.196031
-10813.264378
-10909.053581
-10870.795608
-10891.287545
-10882.737759
-10836.468572
-10820.941286
-10721.855471
-10783.208470
-10871.893371
-10900.689925
-10903.625849
-10976.389541
-10842.459827
-10941.743670
-10764.380897
-10964.632674
-10877.985775
-10796.251128
-10827.778471
-10840.865301
-10860.888971
-10840.033404
-10784.902370
-10791.143221
-10835.246933
-10871.854185
-10866.313333
-10984.794733
-10908.143036
-10976.087097
-10903.874802
-10953.202281
-10889.739357
-10840.417953
-10878.672493
-10853.688127
-10870.104716
-11010.425435
-10927.267300
-10893.155030
-10877.247711
-10822.874837
-10754.602227
-10707.854315
-10919.064596
-10891.442832
-10789.563667
-10793.614527
-10850.002182
-10759.618506
-10962.909392
-10823.889660
-10967.209326
-11005.807536
-10796.210916
-10756.782784
-10792.960692
-10740.674945
-10920.411897
-10750.226970
-10717.233020
-10930.326203
-10776.652390
-10702.867575
-10733.014175
-10695.676735
-10661.689225
-10804.460423
-10795.388167
-10837.975998
-10908.618189
-10813.990706
-10805.145529
-10742.844492
-10830.495098
-10939.989066
-10784.540292
-10822.123133
-10796.683696
-10814.929882
-10787.042483
-10749.987549
-10731.127127
-10878.600448
-10708.538526
-10803.309171
-10747.287197
-10652.073774
-10747.484132
-10821.038470
-10774.285906
-10749.130576
-10807.105272
-10877.051011
-10858.529972
-10816.668053
-10819.234822
-10858.954345
-10879.910851
-10713.318761
-10919.424602
-10778.326550
-10809.745054
-10641.003644
-10827.242266
-10801.925763
-10844.725898
-10800.112017
-10809.106646
-10676.609695
-10773.860765
-10792.756857
-10646.364684
-10815.125793
-10825.119893
-10879.232068
-10715.552300
-10962.564514
-10834.661014
-10790.511499
-10772.245505
-10782.331790
-10822.758663
-10793.579853
-10687.860704
-10802.203254
-10828.933514
-10770.354180
-10747.951524
-10736.964922
-10776.599544
-10806.802263
-10802.489992
-10919.003002
-10855.453970
-10805.263948
-10748.589660
-10886.786663
-10815.516566
-10731.709180
-10701.617791
-10605.246415
-10583.951691
-10637.293679
-10729.955446
-10566.970310
-10492.368069
-10567.485990
-10681.741111
-10663.460977
-10668.514609
-10670.936563
-10677.700240
-10712.048394
-10638.826226
-10634.673672
-10658.794851
-10534.640920
-10575.515291
-10513.567591
-10506.822082
-10597.941596
-10580.547970
-10659.071173
-10690.242040
-10586.937167
-10648.679402
-10700.688427
-10674.511438
-10595.153746
-10585.532495
-10664.782509
-10737.675433
-10688.044551
-10559.452200
-10670.135697
-10506.551064
-10596.379109
-10567.653651
-10441.834315
-10542.831710
-10523.041073
-10563.828664
-10583.904391
-10591.030296
-10676.274886
-10671.009067
-10483.509115
-10600.516315
-10582.372482
-10639.900999
-10608.395828
-10393.474779
-10394.843894
-10389.174096
-10379.713798
-10510.372254
-10508.344281
-10421.667222
-10535.835123
-10504.630315
-10437.167777
-10459.980419
-10459.003339
-10511.879788
-10436.518964
-10354.046054
-10276.894788
-10333.784527
-10139.655143
-10288.276460
-10395.099186
-10340.304566
-10341.570616
-10208.172757
-10232.243052
-10245.982438
-10160.101530
-10067.372492
-10007.144773
-9955.080072
-9846.018629
-10021.167211
-10090.397493
-10128.430789
-10011.129515
-10027.646513
-9933.958541
-9806.323965
-9887.410831
-9828.362218
-9683.561789
-9735.542957
-9492.516023
-9541.660400
-9398.529312
-9332.262995
-9323.187569
-9272.607902
-9122.590019
-8941.731645
-8777.479865
-8696.567312
-8637.054023
-8592.575851
-8508.789562
-8522.248699
-8561.950021
-8568.183664
-8514.782623
-8454.104724
-8429.325816
-8460.753244
-8421.906791
-8499.642640
-8476.058743
-8444.946105
-8428.804201
-8446.361256
-8497.468984
-8483.881563
-8461.903891
-8421.923905
-8426.940181
-8425.776492
-8410.541927
-8382.663558
-8355.165422
-8316.917953
-8365.893139
-8361.644185
-8319.560388
-8339.944825
-8322.611473
-8311.418623
-8312.423537
-8329.386878
-8359.262793
-8335.198717
-8317.683728
-8334.899407
-8322.099387
-8342.780833
-8288.907715
-8305.868717
-8297.836508
-8229.631147
-8280.108490
-8255.227747
-8248.460151
-8164.031328
-8171.440903
-8183.470939
-8169.558334
-8219.829106
-8164.440726
-8171.858894
-8125.688068
-8122.434553
-8134.910189
-8147.681671
-8151.731095
-8165.291760
-8124.922520
-8118.741701
-8108.867889
-8090.673127
-8100.674241
-8081.778551
-8107.863376
-8104.316266
-8086.722284
-8046.854634
-8044.636136
-8041.057812
-8016.593128
-7957.699062
-7969.011703
-7964.446853
-7929.069255
-7882.348208
-7837.021153
-7865.874580
-7835.685738
-7820.465652
-7823.716446
-7763.510975
-7742.941544
-7743.664828
-7649.992283
-7600.256641
-7629.478905
-7610.807491
-7640.562915
-7600.900442
-7573.694817
-7531.089798
-7547.885234
-7527.282755
-7504.060956
-7461.844045
-7372.089524
-7318.900506
-7281.774633
-7239.129842
-7233.126532
-7169.014647
-7145.272946
-7146.633436
-7140.249953
-7111.529903
-7134.240841
-7107.441058
-7110.421280
-7058.799218
-7079.761542
-7071.052279
-7090.289770
-7046.250790
-6891.772537
-6915.551481
-6886.554061
-6928.536653
-6894.870495
-6954.772128
-7006.172509
-6899.735487
-6879.405001
-6864.481906
-6909.061166
-6843.357163
-6814.151308
-6787.897697
-6761.735729
-6786.419722
-6774.680087
-6759.559774
-6768.164702
-6772.048139
-6787.708138
-6761.565046
-6765.556004
-6741.668127
-6747.850917
-6726.940613
-6734.199965
-6743.073730
-6783.065104
-6750.250753
-6697.630073
-6726.050514
-6692.525736
-6692.934056
-6760.216795
-6771.842199
-6721.650047
-6696.948204
-6729.398554
-6700.794977
-6704.768206
-6694.565293
-6691.468487
-6682.475670
-6688.920911
-6691.439205
-6692.017391
-6636.979523
-6639.282416
-6626.616996
-6610.926344
-6624.765183
-6590.939684
-6603.808914
-6580.756109
-6612.992426
-6608.659837
-6613.770064
-6608.209222
-6596.761526
-6623.990882
-6620.100795
-6611.429984
-6621.227719
-6627.778927
-6602.759278
-6567.994553
-6544.659007
-6565.892629
-6562.852871
-6543.279038
-6559.755311
-6557.011077
-6519.689988
-6542.668731
-6521.174626
-6533.663230
-6539.725374
-6544.122717
-6574.052355
-6567.994152
-6611.759042
-6639.409107
-6661.900875
-6667.527316
-6622.893765
-6561.801683
-6554.430100
-6550.821706
-6560.911105
-6551.178648
-6572.525052
-6552.341511
-6576.864217
-6578.123976
-6586.131671
-6571.944126
-6546.208804
-6564.154829
-6538.461788
-6530.174719
-6550.283421
-6550.532356
-6553.504623
-6566.900092
-6540.938599
-6533.775871
-6520.510903
-6522.109039
-6557.732899
-6513.780297
-6524.541974
-6556.959053
-6541.019298
-6554.595194
-6542.366482
-6587.482007
-6599.999739
-6614.653194
-6655.137602
-6664.469498
-6670.206854
-6670.264541
-6704.110541
-6654.759151
-6613.530665
-6546.024045
-6549.503156
-6550.813720
-6558.084162
-6564.994178
-6546.033896
-6536.262676
-6517.009238
-6515.972689
-6527.074136
-6540.372835
-6541.414974
-6516.677409
-6511.251667
-6515.208297
-6532.413304
-6528.366502
-6517.083697
-6510.587163
-6524.020843
-6538.021774
-6511.336321
-6486.678670
-6504.998055
-6502.450101
-6510.191924
-6499.756550
-6520.443953
-6501.124328
-6534.058577
-6516.362686
-6491.136209
-6485.684960
-6485.469439
-6454.380403
-6454.019353
-6448.014074
-6436.226041
-6433.340926
-6443.976361
-6443.030790
-6445.882820
-6461.283388
-6473.988155
-6493.303253
-6490.186134
-6450.857431
-6457.397120
-6455.880519
-6458.435812
-6513.173680
-6509.594847
-6525.370228
-6521.458832
-6503.363762
-6516.024049
-6501.988892
-6509.237676
-6480.289219
-6458.919122
-6453.336226
-6450.721414
-6451.821436
-6446.140005
-6443.560923
-6445.671849
-6441.064166
-6431.525796
-6425.485849
-6418.359268
-6427.590842
-6415.332393
-6413.418981
-6407.088707
-6395.510518
-6381.176297
-6418.450826
-6406.328050
-6393.151579
-6412.001751
-6399.533889
-6378.001526
-6356.153850
-6374.648827
-6379.890088
-6357.739583
-6348.288881
-6346.367933
-6347.375005
-6348.959752
-6357.510392
-6369.280135
-6406.367755
-6430.729929
-6407.925172
-6381.027119
-6375.023463
-6369.192168
-6388.626537
-6407.612215
-6384.798630
-6372.196070
-6366.724671
-6353.380833
-6354.098961
-6356.356089
-6359.463226
-6374.981956
-6350.233533
-6343.731037
-6355.170007
-6352.280421
-6349.949186
-6354.388432
-6356.797296
-6356.740304
-6359.828849
-6372.939930
-6378.347651
-6372.755659
-6377.211668
-6383.814554
-6376.477734
-6376.073439
-6379.354751
-6379.688978
-6361.068980
-6367.892253
-6369.228589
-6357.351883
-6396.016855
-6376.886750
-6410.008045
-6384.547487
-6412.711983
-6462.040578
-6446.165330
-6507.339871
-6492.666839
-6492.150418
-6497.335784
-6463.069562
-6432.407755
-6401.404186
-6364.399680
-6353.846827
-6356.944416
-6358.350403
-6381.237644
-6350.483006
-6364.829038
-6377.757023
-6382.984638
-6381.112293
-6333.539926
-6339.593494
-6367.512918
-6361.419207
-6356.198564
-6353.366133
-6346.412210
-6349.126648
-6334.121649
-6306.585002
-6321.221131
-6324.756245
-6336.808364
-6331.721110
-6300.117001
-6298.151708
-6310.080267
-6308.814508
-6295.595738
-6303.851226
-6299.783686
-6301.395965
-6285.447542
-6294.807109
-6330.433932
-6331.611256
-6360.602163
-6384.660641
-6380.028411
-6398.008579
-6415.011337
-6388.862054
-6393.633317
-6351.685671
-6380.050322
-6375.685088
-6380.891898
-6382.814974
-6368.697045
-6369.581273
-6358.753992
-6356.303888
-6349.634474
-6352.165053
-6342.008243
-6349.918010
-6350.688035
-6342.694157
-6321.612356
-6342.216020
-6374.868305
-6373.599117
-6383.354295
-6374.023719
-6368.862539
-6369.875804
-6359.890594
-6334.413083
-6353.097545
-6359.768675
-6367.423328
-6385.477006
-6383.059117
-6392.059784
-6430.250470
-6451.147617
-6509.229357
-6465.134538
-6503.143339
-6504.162542
-6498.247260
-6503.488029
-6530.398072
-6520.402254
-6488.929529
-6501.537452
-6556.413976
-6541.036300
-6524.593794
-6538.770011
-6513.895074
-6517.558708
-6537.922939
-6537.358483
-6524.436068
-6527.858486
-6522.276933
-6502.968675
-6500.940138
-6515.710753
-6511.976154
-6508.549302
-6474.785815
-6445.977950
-6452.571180
-6437.112950
-6435.097678
-6414.830432
-6410.582554
-6352.349756
-6303.507805
-6381.314146
-6372.144494
-6378.447217
-6410.447426
-6424.501305
-6482.339231
-6470.296933
-6415.654729
-6425.948505
-6432.298185
-6385.936417
-6351.835255
-6324.863839
-6332.452239
-6339.029284
-6368.816688
-6313.652059
-6276.395755
-6262.707169
-6274.256845
-6295.413115
-6378.035045
-6354.820140
-6322.362243
-6278.836429
-6262.587501
-6268.372936
-6265.994216
-6256.039194
-6248.041084
-6279.552883
-6312.135487
-6303.695862
-6316.055943
-6318.285957
-6312.580916
-6296.475166
-6274.570326
-6270.409762
-6302.176654
-6308.887748
-6303.317817
-6306.609718
-6305.568334
-6291.441660
-6297.214971
-6288.774057
-6274.088151
-6270.445122
-6281.446702
-6284.550992
-6301.135645
-6305.854250
-6293.353748
-6296.625310
-6284.016179
-6317.605280
-6315.036908
-6331.555100
-6340.949210
-6338.822090
-6324.601731
-6323.706264
-6317.621540
-6334.127601
-6339.311421
-6338.140323
-6346.592577
-6339.298963
-6334.516559
-6363.826104
-6346.074517
-6337.738297
-6333.585132
-6337.185592
-6288.740204
-6278.712550
-6272.386239
-6239.541155
-6242.833230
-6244.954676
-6232.832528
-6235.837039
-6215.051750
-6234.326719
-6230.630777
