-10333.624462
-10823.674628
-10889.581561
-10885.779691
-10807.792725
-10948.857434
-10839.555415
-10919.873598
-10857.259961
-10879.931267
-10918.922312
-10937.652975
-11011.841632
-10979.848552
-10906.948318
-10944.972781
-10949.356387
-10922.148456
-10883.799015
-10837.384042
-10915.541120
-10880.207503
-10966.210653
-10957.747265
-10902.050715
-10972.633313
-10992.081545
-11026.306089
-10990.660979
-10958.839692
-10931.024337
-10866.218308
-10876.207311
-11004.274272
-10995.214318
-10761.323112
-10964.208648
-10903.462581
-10963.938893
-10921.876683
-10867.450893
-10932.984383
-10855.140327
-10931.560382
-10956.503275
-10904.122665
-10875.108696
-10772.641113
-10940.081389
-10878.335296
-11022.265821
-10944.434907
-10812.236674
-10955.830346
-10899.944567
-10918.535350
-10887.585399
-10953.679452
-10884.364323
-10908.913973
-10724.943059
-10805.105400
-10910.710347
-10959.431661
-10911.590374
-11003.906897
-10879.707705
-10866.025606
-10784.719697
-10856.892947
-10918.072509
-10887.304499
-11003.800238
-10966.017486
-10979.722279
-10997.885517
-11026.811005
-10948.330873
-11006.950608
-10897.655755
-10908.917801
-10862.815812
-10835.049024
-10995.198838
-10910.186663
-10909.993318
-10896.558887
-10908.178869
-10893.825961
-10876.439603
-10878.180398
-10955.658449
-10994.601015
-10911.253590
-11016.004310
-10849.168747
-10863.672828
-10871.118206
-10862.906863
-10803.510590
-10862.204267
-10828.398291
-10929.437286
-10819.051307
-10858.884464
-10900.486321
-10883.419285
-10784.603304
-10796.128334
-10865.806230
-10931.162580
-10873.656298
-10857.561908
-10821.748608
-10948.681082
-10817.765569
-10933.100940
-10891.504047
-10938.476252
-10751.819578
-10870.074882
-10925.831436
-10805.591416
-10898.851977
-10897.009155
-10961.419633
-11015.302045
-10879.562216
-10833.236577
-10830.272012
-11031.861262
-10946.364574
-10735.258674
-10865.127510
-10783.497007
-10940.780846
-10966.986485
-10846.897301
-10847.606845
-10919.477995
-10890.352028
-10899.777892
-10826.232034
-10838.643475
-10923.532823
-10821.883523
-10877.515259
-10925.516094
-10986.702080
-10956.040565
-10954.979912
-10945.024926
-10978.134679
-10906.865037
-10865.849207
-10988.521885
-10989.072984
-10726.772031
-10924.144310
-10775.020448
-10904.679829
-10839.880523
-10934.568811
-10976.022509
-10929.057453
-10861.054586
-10955.516911
-10798.985138
-10863.967294
-10874.891801
-10842.579909
-10778.908321
-10879.482810
-10822.406636
-10973.114362
-10852.003443
-10842.171047
-10874.360860
-10845.765215
-10724.791353
-10647.164013
-10715.318184
-10831.954940
-10730.096624
-10874.498275
-10900.412756
-10870.095474
-10875.072013
-10769.512883
-10927.609675
-10821.670200
-10827.325018
-10897.798879
-10877.955422
-10782.806497
-10899.238780
-10897.586551
-10806.014781
-10926.865583
-10944.925398
-10939.361787
-10706.254647
-10846.589175
-10819.527524
-10791.808650
-10876.734915
-10743.273096
-10725.937055
-10750.241857
-10766.373019
-10879.548854
-10869.664371
-10924.326134
-10927.892711
-10810.235012
-10861.215441
-10876.959281
-10940.638296
-10823.825450
-10762.414693
-10714.819257
-10768.592182
-10739.722677
-10844.910256
-10828.531410
-10951.320289
-10770.782190
-10869.611315
-10802.264043
-10797.023310
-10780.125016
-10891.908976
-10832.687351
-10851.824703
-10825.429508
-10691.448603
-10727.674212
-10824.736837
-10843.287788
-10738.402247
-10741.819607
-10741.663926
-10933.227909
-10825.058003
-10854.408536
-10821.305899
-10903.954032
-10745.397734
-10740.379590
-10744.745832
-10835.065088
-10777.293907
-10766.177879
-10626.995842
-10742.765553
-10826.034272
-10762.971022
-10846.405062
-10849.648874
-10924.967293
-10910.661220
-10755.181107
-10688.674878
-10840.908609
-10861.062160
-10942.829928
-10737.006260
-10716.320960
-10803.633004
-10767.689339
-10797.693440
-10816.912864
-10694.744043
-10751.655190
-10836.094692
-10767.496819
-10805.624380
-10881.002836
-10747.804974
-10688.828841
-10762.599244
-10806.061679
-10792.755970
-10816.507905
-10763.028474
-10642.958460
-10596.600872
-10794.831705
-10715.554241
-10699.944092
-10639.856961
-10706.180655
-10758.780509
-10711.491386
-10730.998636
-10717.364768
-10830.037065
-10673.106087
-10741.098824
-10722.749673
-10760.040753
-10744.375533
-10802.067936
-10715.544532
-10732.566556
-10703.894966
-10730.433198
-10742.181980
-10675.503637
-10683.153661
-10642.522638
-10752.163455
-10810.053338
-10737.782524
-10709.498806
-10609.691946
-10588.502158
-10628.020569
-10562.498952
-10683.493233
-10657.331611
-10607.332130
-10566.528151
-10613.862950
-10544.052110
-10580.898738
-10767.113064
-10721.299307
-10601.214674
-10768.334159
-10714.977309
-10609.249184
-10486.375814
-10493.699647
-10623.261315
-10679.536743
-10699.993814
-10650.842728
-10639.699242
-10637.925562
-10456.817964
-10715.658894
-10682.926089
-10639.675427
-10544.526787
-10641.928944
-10564.340410
-10678.903267
-10708.839822
-10655.407200
-10565.072418
-10631.889877
-10625.049477
-10689.612589
-10702.258888
-10522.451605
-10557.144779
-10464.852666
-10526.091668
-10533.343279
-10599.667971
-10648.827472
-10641.082172
-10547.486397
-10662.339773
-10649.711201
-10667.523598
-10581.916655
-10618.530262
-10493.582335
-10429.806164
-10636.717963
-10539.774085
-10538.696578
-10451.482060
-10455.848604
-10409.830292
-10370.052904
-10365.242050
-10431.849768
-10354.230452
-10391.014793
-10181.586132
-10176.118469
-10298.924069
-10245.905556
-10344.297825
-10169.972890
-10201.421472
-10120.043442
-10328.212215
-10208.938289
-10296.438535
-10177.007601
-10230.104289
-10306.845160
-10303.890538
-10248.818265
-10329.749028
-10201.103089
-10224.189152
-9984.830612
-10013.813325
-9902.829430
-9821.283801
-9852.569886
-9884.814591
-9746.028028
-9714.622910
-9701.187767
-9571.182479
-9498.151061
-9402.715504
-9406.406575
-9299.484635
-9239.294682
-9130.175444
-8893.401363
-8734.778667
-8632.235057
-8551.576224
-8585.957665
-8507.251687
-8509.561973
-8512.645987
-8475.086913
-8433.710398
-8499.482209
-8488.262775
-8496.911846
-8499.116112
-8505.537536
-8530.724503
-8510.883076
-8458.717517
-8457.093610
-8484.858303
-8441.420178
-8452.894636
-8402.057089
-8421.328168
-8412.492346
-8382.027697
-8403.693097
-8358.720603
-8403.504283
-8403.064661
-8401.030646
-8381.224050
-8393.627726
-8367.873410
-8340.614347
-8354.493998
-8336.855567
-8348.438165
-8359.939958
-8341.542717
-8315.700108
-8296.521433
-8330.336958
-8309.656548
-8267.876763
-8287.428130
-8268.373783
-8311.930138
-8287.543812
-8246.161796
-8222.271084
-8184.766946
-8160.296603
-8166.950093
-8192.142890
-8130.544936
-8147.374709
-8175.382629
-8162.853361
-8159.743323
-8147.545032
-8127.750795
-8131.610401
-8120.107872
-8093.212098
-8117.203355
-8088.787618
-8046.398385
-8027.951472
-8014.438438
-8036.818904
-8036.575909
-8057.716548
-7982.412979
-8032.432919
-8005.006286
-8023.549658
-7998.261783
-7984.089419
-7957.183716
-7929.578830
-7924.558128
-7905.683901
-7851.950159
-7808.592846
-7732.837919
-7717.395106
-7680.174576
-7622.120674
-7686.353059
-7667.223130
-7629.403150
-7587.648866
-7563.299046
-7631.112180
-7604.561285
-7549.152258
-7532.393060
-7518.406208
-7511.317762
-7444.556080
-7425.411504
-7485.585533
-7461.951463
-7479.113625
-7482.595399
-7480.836102
-7360.553462
-7358.460909
-7379.043459
-7365.240365
-7413.637728
-7440.915450
-7457.129079
-7514.826257
-7448.753936
-7486.870721
-7434.140998
-7464.623206
-7527.192860
-7547.519384
-7529.110161
-7584.596459
-7537.049112
-7581.326935
-7492.002148
-7474.235013
-7405.777976
-7369.913080
-7316.470594
-7342.109045
-7269.725745
-7267.471246
-7271.490623
-7233.538414
-7181.987704
-7140.277924
-7082.996536
-7082.576466
-7028.445500
-7075.400675
-7076.023979
-7111.430462
-7169.673537
-7106.651595
-7042.269885
-7028.070282
-7133.339716
-7112.393056
-7088.432292
-7136.240795
-7100.255016
-7088.428596
-7096.100571
-7113.688399
-7137.609278
-7106.860376
-7102.111780
-7105.371786
-7153.071774
-7088.358239
-7118.254409
-7100.789252
-7096.817434
-7034.651115
-6994.483994
-6965.562628
-6960.732034
-6933.305195
-6952.964713
-6974.819442
-7012.794511
-7014.456134
-7013.310499
-7039.904071
-7094.943972
-7029.703838
-7032.289541
-7060.456395
-6980.739675
-6948.484393
-6934.906244
-6948.103168
-6932.146753
-6883.685982
-6893.136380
-6857.081065
-6832.820636
-6811.967239
-6721.268685
-6669.634039
-6676.350595
-6651.810689
-6683.558058
-6702.749445
-6712.373882
-6712.242849
-6725.449170
-6731.668675
-6719.763530
-6686.568872
-6675.662756
-6673.070398
-6671.778136
-6664.612657
-6694.960991
-6773.227831
-6806.355801
-6865.256869
-6881.212541
-6901.964964
-6915.882564
-6913.547302
-6949.554813
-6955.334578
-6936.603908
-6994.691338
-6987.769455
-6976.045983
-6998.027906
-7005.948661
-6976.705966
-7016.013478
-6966.050185
-6954.707748
-6954.131915
-6909.684702
-6866.810808
-6918.027245
-6948.719395
-6929.537244
-6932.917556
-6893.689206
-6876.715971
-6823.863594
-6764.590565
-6761.400394
-6763.797893
-6693.485069
-6656.697125
-6658.584801
-6678.579624
-6648.238612
-6595.342321
-6667.272243
-6630.326041
-6513.640088
-6468.059972
-6378.245812
-6320.306936
-6369.293038
-6369.024873
-6332.501268
-6272.910940
-6245.913939
-6212.260588
-6212.546469
-6192.207482
-6155.780011
-6144.630732
-6090.558657
-6168.732615
-6114.786254
-6118.864294
-6167.690739
-6155.341728
-6156.193228
-6156.528879
-6081.772466
-6088.569004
-6086.188536
-6050.395710
-6064.671680
-6060.093539
-6044.194209
-6073.371881
-6031.352218
-6038.092358
-6030.869982
-6042.061432
-6038.787171
-6022.570721
-6004.902710
-6089.482232
-6123.288836
-6112.764284
-6112.505142
-6097.413390
-6004.320870
-5984.986616
-5946.189066
-5970.305642
-5987.301043
-5977.303962
-5965.271119
-5962.433977
-5963.522534
-5992.755456
-5952.973867
-5962.552426
-5996.796136
-6018.895164
-5972.442145
-6015.510747
-6025.747769
-5984.919668
-5993.313892
-5932.248025
-5950.539678
-5962.261429
-5942.861448
-5951.740651
-5938.010041
-5925.667510
-5909.758798
-5920.003939
-5944.210006
-5931.916305
-5904.713066
-5872.818015
-5916.553626
-5860.887509
-5837.900052
-5827.813512
-5825.202450
-5808.214017
-5809.213599
-5799.537161
-5798.311264
-5793.590961
-5766.669575
-5761.182107
-5756.525745
-5791.971098
-5764.521242
-5792.254460
-5765.259157
-5755.710035
-5763.909751
-5762.205203
-5780.630148
-5794.788663
-5778.412402
-5810.345073
-5761.828903
-5758.483467
-5758.805859
-5802.150525
-5794.957935
-5804.786165
-5807.234189
-5824.308277
-5822.153959
-5830.943121
-5827.551484
-5812.163225
-5825.337782
-5797.324084
-5757.397517
-5772.700878
-5787.855523
-5780.461769
-5804.336172
-5809.005401
-5798.933859
-5768.484431
-5829.277879
-5843.097349
-5848.240511
-5812.676579
-5809.930945
-5820.625203
-5819.301978
-5820.284598
-5825.046046
-5839.563856
-5841.025465
-5810.665125
-5815.516726
-5826.188725
-5831.953819
-5815.753521
-5812.232733
-5779.472393
-5785.118299
-5795.139732
-5798.387236
-5781.853724
-5790.829505
-5785.073557
-5836.129007
-5821.540854
-5826.037897
-5809.454055
-5825.750005
-5781.519429
-5803.274648
-5803.767409
-5843.028417
-5853.804388
-5823.652005
-5827.508564
-5812.986814
-5799.865391
-5798.417836
-5847.692303
-5836.218459
-5846.659555
-5856.942738
-5871.149365
-5850.139235
-5847.180005
-5856.297764
-5875.841010
-5879.257822
-5873.693116
-5895.650201
-5915.540147
-5914.164005
-5918.298377
-5898.177631
-5854.936492
-5864.957693
-5856.209187
-5867.222997
-5892.882469
-5874.277945
-5855.316601
-5843.741061
-5809.828635
-5796.342671
-5794.540778
-5779.723148
-5761.201210
-5754.032958
-5762.231721
-5765.493124
-5766.170621
-5776.304334
-5765.998045
-5750.315846
-5767.454055
-5772.099520
-5777.515140
-5783.327978
-5797.206036
-5769.548989
-5781.531928
-5797.844144
-5790.463218
-5796.387973
-5819.532591
-5802.842963
-5806.683211
-5810.996116
-5803.100569
-5805.428353
-5768.567811
-5773.615215
-5795.611080
-5773.723985
-5765.541153
-5777.140605
-5770.131434
-5766.594801
-5780.575660
-5796.235205
-5788.273251
-5777.170477
-5771.419569
-5789.461722
-5795.380580
-5768.389254
-5797.299961
-5825.846789
-5829.368720
-5804.861645
-5798.978309
-5785.198203
-5786.634293
-5787.907407
-5782.802658
-5761.935850
-5775.194263
-5791.921073
-5790.345717
-5773.342509
-5773.406500
-5771.997315
-5766.585407
-5781.106333
-5773.627335
-5777.394716
-5784.012704
-5785.322401
-5796.634984
-5785.567975
-5783.995585
-5783.975423
-5792.710750
-5806.201633
-5773.519452
-5782.723340
-5786.873289
-5799.603488
-5789.064395
-5809.320331
-5786.011894
-5786.432765
-5791.305424
-5787.369329
-5798.717813
-5786.499601
-5786.570116
-5777.011590
-5765.615085
-5793.252556
-5791.482488
-5786.575138
-5819.291158
-5797.939711
-5808.278066
-5832.277120
-5837.713106
-5836.055665
-5789.210861
-5799.214046
-5777.528825
-5792.869764
-5799.992583
-5797.134587
-5773.654887
-5769.728753
-5755.298228
-5748.163138
-5763.123886
-5763.095519
-5767.203718
-5757.550246
-5741.984164
-5776.065641
-5783.372528
-5781.042052
-5769.594268
-5784.868388
-5790.588180
-5789.307275
-5796.292049
-5796.329842
-5782.411066
-5795.618969
-5742.550111
-5787.507804
-5785.217247
-5793.106770
-5786.491393
-5792.208714
-5818.789402
-5824.405941
-5811.970827
-5825.868301
-5827.988374
-5831.667624
-5835.904744
-5841.572909
-5855.135455
-5884.092461
-5887.372299
-5923.141309
-5935.904963
-5955.818323
-5931.694604
-5964.074392
-5954.986684
-5968.883130
-5973.985599
-5973.699598
-5971.898432
-5934.705016
-5920.393516
-5902.489939
-5909.249007
-5922.797047
