-792083
-654968
-635433
-622122
-612388
-605240
-599655
-595193
-591339
-588178
-584814
-582496
-580443
-578408
-576841
-575131
-573819
-572434
-571282
-570012
-568668
-568141
-567193
-566525
-565950
-565352
-564918
-564301
-563658
-563031
-562986
-562582
-562340
-562215
-561984
-561598
-561408
-560862
-560697
-560460
-560220
-559713
-559956
-559345
-559386
-559061
-558881
-558869
-559103
-559286
-558912
-558827
-558892
-558861
-558635
-558419
-558022
-558021
-558157
-557953
-557885
-557786
-557658
-557217
-557259
-557290
-557232
-557062
-557166
-556770
-556872
-556861
-556708
-556638
-556769
-556721
-556780
-556492
-556432
-556097
-556229
-556082
-556248
-556277
-556375
-556360
-556314
-556776
-556529
-556138
-556292
-555960
-556141
-555783
-556078
-555886
-555730
-555481
-555732
-555726
-556093
-556070
-556111
-555998
-555608
-555951
-555936
-555889
-555840
-555964
-555855
-556045
-555755
-555723
-555637
-555622
-555466
-555780
-555418
-555492
-555563
-555397
-555548
-555362
-555343
-555466
-555841
-555563
-555404
-555740
-555377
-555320
-555144
-555334
-555047
-554959
-554665
-554882
-554849
-554963
-554804
-554924
-555101
-555000
-555265
-555434
-554799
-554857
-554964
-554934
-555048
-554774
-554927
-554875
-554918
-554978
-554946
-554975
-554622
-554897
-554686
-554978
-554777
-554976
-554818
-554837
-554951
-555000
-555038
-554815
-554764
-554792
-554708
-554700
-554835
-554987
-554779
-554794
-554795
-555071
-555141
-554936
-555024
-554918
-554832
-554873
-554988
-554929
-555243
-554982
-554933
-555073
-554968
-554813
-554760
-554715
-554817
-554618
-554803
-554742
-554979
-554530
-554389
-554431
-554368
-554671
-554757
-554636
-554797
-554691
-554755
-554896
-554791
-554793
-554631
-554622
-554396
-554358
-554635
-554837
-554595
-554811
-554808
-554726
-554899
-554585
-554518
-554948
-554707
-554682
-554734
-554495
-554220
-554604
-554772
-555004
-554808
-555036
-555082
-555082
-554700
-554820
-555198
-555066
-554874
-554996
-555295
-555079
-554706
-554711
-554684
-554731
-554944
-554996
-554660
-554979
-554776
-554878
-554434
-554461
-554566
-554429
-554704
-554487
-554391
-554579
-554688
-554726
-554286
-554489
-554301
-554290
-554567
-554626
-554415
-554343
-554352
-554231
-554101
-554328
-554276
-554551
-554637
-554453
-554600
-554455
-554407
-554671
-554453
-554265
-554336
-554444
-553997
-554056
-554167
-554529
-554193
-554188
-553787
-554190
-554029
-554155
-554275
-554324
-554381
-554389
-554370
-554417
-554305
-554196
-554248
-554408
-554297
-554192
-554295
-554449
-554113
-554315
-554493
-554225
-554337
-553996
-554020
-554149
-554225
-554266
-554227
-554248
-554274
-554397
-554162
-554197
-554476
-554364
-554681
-554430
-554621
-554478
-554319
-554147
-554083
-554067
-554196
-554093
-554456
-554486
-554618
-554411
-554253
-554333
-554542
-554430
-554337
-554565
-554278
-554149
-554312
-554389
-554429
-554364
-554225
-554305
-554317
-554325
-554119
-554276
-554121
-553950
-553956
-553934
-553977
-554172
-554199
-554092
-554185
-554311
-554535
-554350
-554077
-554378
-554344
-554418
-554142
-554275
-554307
-554009
-554257
-554038
-554222
-554336
-554186
-554451
-554108
-554355
-554213
-554196
-554244
-554489
-554621
-554546
-554539
-554608
-554538
-554539
-554446
-554575
-554651
-554506
-554499
-554155
-554200
-554311
-554441
-554469
-554267
-554023
-554089
-554323
-554198
-554004
-554038
-554414
-554061
-554118
-554024
-554224
-554099
-553963
-554082
-554286
-554063
-554217
-554385
-554163
-553834
-553905
-553903
-553904
-554103
-554082
-554052
-553835
-554074
-553834
-554041
-553896
-554017
-553788
-553876
-553820
-554008
-553697
-553935
-554050
-553933
-554140
-554248
-553770
-553809
-553519
-553585
-553561
-553612
-553626
-553660
-553602
-553668
-553761
-553317
-553605
-553618
-553724
-554007
-553937
-554092
-553908
-554033
-554036
-553866
-553840
-553556
-553599
-553653
-553861
-553394
-553666
-553560
-554016
-553890
-553853
-553722
-553555
-553760
-553769
-553785
-553930
-553671
-553634
-553718
-553843
-553544
-553528
-553800
-553707
-553642
-553609
-553520
-553739
-553553
-553926
-553673
-553611
-553641
-553913
-553722
-553975
-554136
-553921
-553978
-553799
-553711
-554056
-553793
-553779
-553810
-553729
-553802
-553684
-553869
-553669
-553559
-553601
-553717
-553744
-553865
-553603
-553689
-553925
-553728
-553822
-553986
-553646
-553837
-553723
-553814
-553810
-553763
-553832
-553583
-553561
-553577
-553502
-553572
-553678
-553677
-553566
-553742
-553865
-553541
-553806
-553518
-553465
-553578
-553444
-553774
-553557
-553495
-553599
-553600
-553794
-553664
-553646
-553482
-553540
-553714
-553740
-553658
-553870
-554010
-553712
-553931
-553731
-553509
-553588
-553526
-553726
-553812
-553686
-553538
-553708
-553851
-553508
-553540
-553533
-553737
-553637
-553779
-553576
-553712
-553525
-553862
-553725
-553468
-553699
-553516
-553825
-553874
-553753
-553704
-553823
-553885
-553894
-553908
-553781
-553608
-553820
-553658
-553684
-553800
-553699
-553658
-553667
-553540
-553563
-553620
-553640
-553910
-553521
-553509
-553825
-553817
-553919
-553718
-553614
-553640
-553702
-553316
-553584
-553707
-553523
-553593
-553539
-553618
-553478
-553378
-553649
-553231
-553389
-553300
-553442
-553720
-553893
-553797
-553918
-553968
-553963
-554000
-554040
-553946
-553631
-553938
-554005
-554123
-553829
-553788
-553866
-553928
-553770
-553626
-554096
-553779
-553599
-553633
-553569
-553555
-553654
-553462
-553542
-553353
-553567
-553690
-553358
-553608
-553619
-553393
-553283
-553475
-553649
-553600
-553504
-553397
-553469
-553486
-553098
-553408
-553439
-553467
-553294
-553431
-553362
-553484
-553390
-553733
-553219
-553394
-553552
-553557
-553418
-553739
-553723
-553697
-553654
-553732
-553475
-553647
-553917
-553204
-553837
-553552
-554034
-554167
-553987
-553837
-553895
-553819
-553715
-553941
-554135
-553841
-553996
-553927
-553945
-553866
-553944
-553842
-553749
-553716
-553751
-554036
-554103
-553933
-553845
-554000
-553992
-553902
-553764
-553512
-553775
-553858
-553803
-553788
-553746
-553601
-553776
-553767
-553634
-554067
-553919
-553916
-554019
-553646
-553570
-553688
-553449
-553359
-553470
-553575
-553325
-553436
-553619
-553904
-553929
-553601
-554020
-553799
-553807
-553864
-553957
-553779
-553803
-553888
-553959
-553849
-553724
-553746
-553841
-553730
-554076
-554038
-553994
-553840
-553662
-553906
-553772
-554168
-554284
-554177
-554273
-553856
-553725
-554131
-553873
-554149
-553953
-554430
-554028
-554207
-554039
-554001
-553995
-554138
-553935
-554029
-554319
-554329
-554114
-554074
-554254
-554095
-554158
-554106
-553789
-553674
-553952
-554110
-554263
-554121
-554201
-553814
-553935
-553930
-554176
-553931
-553796
-553858
-554134
-553917
-554171
-554206
-554291
-554246
-554262
-554192
-553926
-554310
-554013
-553953
-554156
-554317
-554200
-553834
-553926
-553887
-554293
-554281
-554430
-553936
-553923
-553772
-554181
-553981
-554041
-554154
-554163
-554078
-554073
-554010
-553896
-554011
-554070
-554155
-553779
-553929
-554114
-553891
-553837
-553817
-553826
-554015
-553930
-554124
-554257
-553980
-554149
-554086
-553958
-553853
-554154
-553984
-554372
-554074
-554546
-554453
-554374
-554214
-554571
-554590
-554283
-554439
-554350
-554540
-554412
-554489
-554590
-554858
-554635
-554367
-554466
-554749
-554725
-554793
-554477
-554745
-554443
-554451
-554595
-554332
-554228
-554456
-554383
-554390
-554511
-554489
-554477
-554467
-554473
-554210
-554432
-554591
-554544
-554470
-554453
-554546
-554328
-554578
-554606
-554420
-554378
-554242
-554248
-554100
-554200
-554111
-554357
-554188
-554254
-554326
-553988
-554216
-554502
-554272
-554084
-554157
-554406
-554327
-554459
-554740
-554658
-554541
-554535
-554447
-554439
-554242
-554578
-554446
-554686
-554468
-554327
-554148
-554279
-554459
-554265
-554389
-554292
-554452
-554604
-554474
-554377
-554435
-554351
-554386
-554355
-554255
-554203
-554418
-554506
-554442
-554449
-554306
-554184
-554494
-554467
-554431
-554383
-554617
-554284
-554171
-554560
-554543
-554636
