-7339.342
-7836.198
-7693.92
-7548.756
-7449.588
-7378.36
-7321.51
-7303.336
-7258.918
-7250.406
-7203.306
-7200.014
-7195.86
-7170.5
-7129.148
-7109.928
-7082.45
-7093.482
-7093.76
-7056.686
-7003.32
-7007.856
-7004.63
-7005.914
-6976.456
-6997.462
-6983.65
-6954.856
-6943.606
-6855.174
-6848.128
-6872.396
-6849.552
-6826.092
-6847.926
-6842.57
-6835.71
-6852.854
-6853.368
-6777.226
-6782.934
-6785.542
-6788.94
-6768.496
-6792.376
-6803.486
-6787.858
-6791.2
-6793.416
-6695.49
-6685.62
-6664.77
-6674.496
-6675.232
-6671.064
-6673.76
-6662.3
-6660.264
-6670.146
-6573.714
-6555.38
-6565.752
-6574.49
-6587.286
-6601.822
-6596.714
-6625.76
-6655.506
-6642.86
-6565.71
-6555.308
-6561.43
-6563.778
-6541.236
-6549.106
-6555.374
-6563.498
-6583.822
-6584.832
-6514.69
-6495.148
-6486.432
-6498.314
-6482.098
-6490.77
-6474.84
-6468.454
-6503.788
-6473.43
-6378.902
-6381.796
-6374.878
-6405.646
-6393.362
-6374.308
-6397.844
-6394.492
-6419.29
-6414.8
-6350.844
-6351.63
-6335.196
-6324.364
-6332.83
-6305.304
-6328.954
-6322.62
-6327.954
-6320.088
-6272.438
-6262.11
-6258.306
-6267.666
-6281.822
-6282.194
-6280.332
-6282.276
-6266.124
-6268.866
-6236.166
-6244.746
-6250.568
-6256.1
-6263.068
-6261.284
-6257.794
-6256.728
-6246.928
-6242.192
-6221.962
-6201.488
-6197.446
-6207.734
-6185.306
-6205.164
-6208.212
-6214.84
-6197.534
-6215.372
-6177.288
-6177.624
-6179.01
-6162.072
-6155.548
-6146.06
-6140.316
-6135.63
-6143.354
-6144.508
-6110.044
-6099.954
-6106.086
-6073.952
-6077.604
-6079.344
-6089.362
-6065.184
-6070.348
-6066.93
-6060.37
-6050.894
-6052.17
-6057.432
-6034.854
-6023.098
-6029.606
-6022.302
-6025.412
-6004.946
-6013.674
-6011.25
-6019.13
-5999.642
-6000.32
-5990.38
-5996.232
-5986.822
-5983.886
-5964.342
-5994.928
-5988.696
-5983.906
-5982.8
-5976.986
-5971.192
-5968.06
-5961.66
-5947.07
-5945.266
-5969.578
-5965.516
-5962.23
-5960.522
-5958.118
-5934.746
-5936.142
-5929.882
-5947.978
-5938.134
-5963.978
-5968.14
-5966.346
-5957.684
-5947.212
-5939.296
-5942.144
-5934.408
-5924.268
-5918.682
-5949.576
-5932.678
-5930.56
-5920.394
-5920.022
-5917.026
-5898.442
-5884.43
-5880.682
-5875.962
-5913.918
-5910.254
-5893.618
-5886.834
-5873.138
-5869.726
-5855.302
-5857.844
-5861.192
-5859.088
-5902.474
-5895.608
-5880.018
-5870.79
-5865.052
-5856.332
-5854.442
-5832.29
-5836.912
-5823.162
-5868.414
-5858.93
-5834.938
-5842.518
-5834.312
-5829.288
-5811.03
-5810.87
-5802.394
-5799.638
-5832.798
-5829.05
-5826.26
-5825.896
-5812.004
-5808.432
-5810.924
-5796.73
-5787.524
-5791.46
-5825.08
-5818.536
-5809.156
-5814.436
-5800.752
-5802.01
-5800.276
-5788.626
-5782.642
-5784.214
-5834.934
-5821.854
-5815.568
-5800.246
-5799.324
-5793.252
-5784.826
-5789.544
-5777.618
-5776.016
-5831.68
-5819.66
-5819.04
-5809.048
-5797.17
-5782.564
-5789.234
-5782.728
-5771.974
-5771.548
-5808.304
-5807.8
-5812.408
-5807.48
-5804.562
-5795.568
-5785.252
-5780.006
-5770.194
-5765.818
-5806.76
-5792.128
-5780.474
-5773.272
-5761.452
-5756.728
-5754.764
-5757.962
-5752.858
-5766.404
-5803.412
-5805.838
-5786.104
-5789.91
-5783.95
-5769.866
-5775.998
-5769.14
-5771.972
-5752.512
-5796.552
-5783.86
-5776.688
-5767.702
-5754.756
-5762.194
-5750.51
-5748.656
-5743.074
-5744.004
-5789.74
-5772.142
-5760.008
-5753.89
-5755.012
-5755.338
-5751.728
-5745.456
-5738.02
-5749.802
-5778.906
-5787.464
-5782.63
-5771.342
-5766.048
-5771.562
-5775.3
-5771.124
-5774.332
-5762.24
-5813.348
-5797.368
-5787.322
-5790.478
-5776.318
-5777.446
-5759.686
-5762.646
-5764.362
-5761.288
-5799.296
-5781.608
-5786.466
-5788.772
-5787.71
-5768.1
-5760.928
-5751.076
-5746.178
-5739.298
-5771.318
-5775.804
-5768.028
-5753.06
-5751.228
-5751.172
-5755.48
-5764.162
-5763.12
-5761.208
-5798.144
-5791.932
-5774.586
-5769.632
-5752.426
-5745.68
-5736.362
-5743.982
-5741.334
-5732.022
-5780.994
-5774.24
-5768.778
-5765.22
-5758.76
-5752.384
-5741.262
-5737.72
-5730.724
-5730.276
-5774.996
-5776.696
-5762.708
-5752.79
-5738.004
-5731.75
-5725.756
-5715.006
-5712.846
-5713.882
-5747.34
-5738.892
-5728.872
-5725.536
-5723.218
-5723.216
-5730.258
-5722.702
-5724.856
-5721.13
-5755.076
-5737.944
-5736.928
-5746.82
-5742.328
-5726.196
-5724.954
-5714.63
-5714.268
-5709.106
-5743.798
-5734.432
-5737.712
-5732.908
-5739.278
-5737.902
-5734.202
-5726.878
-5703.638
-5709.758
-5740.074
-5740.082
-5729.544
-5715.328
-5712.344
-5709.67
-5713.344
-5711.562
-5713.376
-5693.312
-5729.384
-5724.978
-5715.338
-5709.748
-5713.264
-5713.108
-5698.446
-5697.546
-5683.0
-5670.474
-5708.946
-5709.63
-5694.9
-5705.586
-5709.408
-5693.198
-5691.8
-5697.292
-5688.902
-5682.638
-5724.106
-5710.542
-5701.202
-5697.016
-5697.026
-5688.084
-5689.53
-5682.188
-5688.388
-5694.888
-5722.046
-5721.878
-5722.496
-5724.916
-5726.008
-5722.288
-5714.316
-5713.846
-5715.504
-5702.754
-5732.388
-5727.542
-5720.022
-5704.67
-5701.382
-5703.822
-5706.884
-5695.976
-5698.742
-5686.718
-5720.012
-5712.79
-5698.434
-5690.99
-5691.778
-5700.784
-5703.266
-5702.17
-5688.334
-5690.93
-5709.92
-5710.83
-5702.998
-5695.128
-5684.488
-5694.336
-5698.602
-5694.538
-5692.254
-5690.336
-5714.79
-5707.618
-5704.604
-5708.802
-5705.354
-5701.994
-5705.376
-5697.604
-5705.626
-5703.814
-5721.624
-5716.07
-5715.372
-5707.332
-5697.03
-5693.496
-5688.618
-5692.67
-5685.868
-5680.972
-5706.842
-5704.894
-5695.014
-5699.06
-5708.48
-5710.456
-5699.752
-5694.92
-5696.03
-5685.176
-5718.826
-5717.174
-5724.222
-5709.9
-5715.83
-5700.938
-5697.544
-5696.454
-5681.112
-5672.62
-5708.544
-5704.316
-5697.064
-5688.466
-5682.222
-5679.644
-5688.714
-5686.432
-5686.13
-5687.598
-5713.874
-5702.778
-5686.184
-5687.222
-5694.746
-5698.976
-5696.09
-5701.386
-5701.302
-5695.34
-5703.564
-5703.806
-5701.742
-5695.466
-5689.014
-5681.296
-5686.71
-5679.702
-5677.446
-5671.136
-5684.638
-5679.728
-5664.866
-5665.262
-5674.08
-5664.914
-5671.992
-5663.334
-5660.096
-5646.618
-5677.256
-5677.052
-5672.398
-5672.892
-5672.534
-5666.51
-5673.248
-5668.078
-5657.848
-5662.604
-5683.622
-5688.578
-5694.388
-5682.27
-5678.616
-5676.288
-5673.158
-5659.464
-5661.218
-5652.244
-5688.61
-5695.728
-5689.252
-5686.918
-5681.764
-5680.226
-5682.948
-5681.614
-5682.382
-5677.3
-5694.026
-5697.994
-5696.456
-5696.512
-5695.67
-5692.83
-5685.388
-5690.106
-5701.582
-5688.484
-5710.404
-5697.37
-5692.004
-5696.804
-5692.54
-5684.798
-5679.778
-5688.904
-5683.688
-5695.016
-5709.24
-5710.338
-5693.46
-5681.658
-5680.85
-5679.852
-5675.26
-5681.27
-5676.464
-5672.332
-5687.702
-5675.17
-5678.05
-5675.048
-5669.904
-5671.756
-5668.738
-5664.564
-5654.644
-5658.998
-5688.662
-5689.718
-5692.568
-5695.862
-5691.384
-5679.004
-5675.604
-5670.246
-5657.674
-5652.192
-5677.484
-5675.964
-5660.176
-5645.33
-5651.08
-5651.404
-5649.824
-5666.584
-5646.908
-5651.826
-5672.69
-5667.63
-5655.532
-5651.2
-5648.814
-5655.724
-5648.186
-5641.776
-5646.722
-5636.368
-5666.672
-5666.8
-5655.25
-5665.724
-5660.73
-5649.992
-5637.43
-5634.664
-5628.776
-5624.49
-5636.006
-5637.906
-5638.882
-5632.334
-5627.958
-5628.23
-5626.522
-5626.222
-5622.134
-5621.642
-5633.362
-5636.184
-5630.17
-5630.844
-5619.274
-5635.06
-5625.364
-5614.416
-5617.492
-5621.294
-5643.938
-5632.092
-5626.408
-5621.136
-5614.838
-5618.372
-5618.202
-5609.072
-5613.226
-5609.986
-5634.184
-5635.58
-5632.938
-5621.55
-5623.674
-5613.35
-5611.878
-5609.506
-5612.66
-5617.504
-5631.31
-5626.302
-5622.158
-5616.862
-5617.102
-5619.034
-5617.276
-5623.888
-5622.92
-5619.504
-5637.814
-5633.704
-5635.354
-5634.436
-5632.418
-5626.02
-5622.714
-5624.078
-5619.302
-5621.784
-5634.524
-5635.656
-5631.342
-5633.796
-5632.424
-5629.512
-5625.562
-5630.046
-5629.12
-5624.364
-5631.71
-5629.496
-5628.748
-5623.284
-5617.992
-5625.712
-5627.884
-5635.078
-5635.732
-5635.332
-5642.21
-5638.744
-5638.136
-5633.528
-5633.644
-5631.654
-5625.32
-5627.57
-5624.498
-5618.472
-5637.684
-5632.718
-5630.494
-5623.438
-5629.018
-5628.434
-5634.114
-5635.114
-5628.59
-5630.522
-5640.716
-5637.118
-5633.172
-5625.144
-5620.91
-5621.648
-5618.4
-5622.382
-5618.562
-5625.432
-5635.39
-5631.28
-5632.19
-5633.228
-5631.396
-5630.4
-5630.464
-5630.0
-5637.588
-5637.702
-5643.43
-5640.22
-5632.432
-5622.81
-5624.764
-5623.696
-5617.362
-5617.978
-5621.964
-5617.178
-5630.59
-5639.792
-5647.978
-5640.766
-5644.312
-5640.412
-5641.086
-5641.594
-5634.766
-5633.378
-5637.54
-5641.068
-5637.232
-5632.022
-5630.592
-5625.352
-5622.876
-5623.786
-5628.63
-5623.402
-5633.294
-5629.948
-5622.898
-5619.406
-5627.112
-5630.644
-5620.238
-5620.766
-5619.19
-5622.174
-5631.314
-5624.486
-5625.326
-5620.024
-5621.166
-5620.958
-5623.632
-5613.13
-5610.264
-5605.534
-5623.712
-5626.912
-5629.258
-5617.712
-5615.568
-5611.224
-5612.716
-5610.35
-5611.696
-5617.334
-5623.144
-5624.18
-5621.304
-5619.616
-5622.092
-5622.504
-5615.352
-5608.88
-5604.594
-5598.546
-5608.588
-5618.474
-5616.31
-5604.02
-5601.804
-5609.156
-5604.46
-5604.072
-5612.826
-5614.656
-5621.78
-5618.496
-5621.302
-5612.018
-5608.562
-5607.98
-5597.58
-5605.916
-5607.316
-5605.292
-5609.722
-5603.632
-5602.168
-5601.396
-5602.668
-5605.668
-5597.218
-5596.61
-5592.704
-5582.996
-5588.836
-5593.882
-5594.91
-5593.702
-5598.11
-5593.342
-5590.018
-5588.754
-5583.022
-5585.26
-5586.032
-5588.872
-5591.508
-5587.008
-5576.172
-5584.846
-5593.276
-5594.13
-5586.234
-5593.584
-5603.528
-5604.282
-5604.926
-5599.92
-5611.308
-5610.508
-5613.002
-5607.81
-5606.508
-5609.036
-5609.884
-5614.594
-5619.168
-5612.108
-5605.142
-5604.698
-5606.968
-5615.004
-5608.14
-5612.446
-5608.026
-5611.308
-5611.37
-5613.336
-5605.606
-5598.902
-5601.046
-5603.718
-5599.468
-5604.008
-5605.214
-5613.188
-5610.706
-5608.682
-5605.832
-5599.114
-5599.206
-5595.702
-5603.998
-5602.246
-5613.944
-5610.36
-5611.274
-5612.674
-5615.804
-5611.968
-5612.916
-5597.578
-5594.606
-5601.506
-5613.408
