-10217.523353
-10790.998266
-10970.861624
-10850.931246
-10902.103168
-10933.953191
-10943.927980
-10866.807502
-10880.336772
-10838.520497
-10967.816353
-10965.750099
-11018.033744
-10806.538732
-11001.544771
-11091.266493
-10816.379242
-10705.841499
-10933.179371
-10911.025292
-11006.324836
-10947.920933
-10958.566744
-10992.445231
-10856.122527
-11022.869521
-10923.195900
-10969.291333
-10875.761336
-11053.612056
-10858.394582
-10883.719257
-10988.752726
-11003.417275
-10937.810929
-10953.726509
-10949.056935
-10867.048869
-10979.198027
-10982.385092
-10852.293416
-10925.157270
-10901.906918
-10793.802698
-10885.543856
-11058.140370
-10909.978968
-10918.365115
-10896.608103
-11003.767887
-10921.597458
-11022.407464
-10851.068038
-10906.488391
-10828.324242
-10898.515622
-10836.252017
-10949.936501
-10929.733323
-10939.604787
-10927.133110
-10935.102562
-10935.805710
-10965.668266
-10999.503881
-10908.035570
-10908.958418
-10993.372868
-11022.106039
-11007.125169
-10976.905147
-10940.919157
-10958.498489
-10765.639110
-10829.279488
-10953.476758
-10838.300194
-11017.188143
-10917.174424
-10961.013023
-10903.670710
-10901.628257
-10912.276508
-10891.956243
-10860.724241
-10915.992844
-10876.201871
-10842.243032
-11096.903414
-11039.999963
-10905.115454
-10879.015945
-10885.114585
-10976.794636
-10959.471460
-10907.224135
-10878.035830
-10967.705056
-10726.382411
-11049.188316
-10934.269228
-10911.782761
-10854.975358
-10821.426467
-10876.813715
-10801.743247
-11007.471732
-10863.534817
-10929.422751
-11033.571390
-10921.354140
-10816.619589
-10897.106361
-10863.314550
-10890.085304
-10797.111714
-10832.981938
-10997.868346
-10982.530103
-10884.845416
-10886.691401
-10961.695524
-10994.669086
-10860.096957
-10966.179441
-10858.064296
-10921.008992
-10914.321116
-10991.627321
-10909.948942
-10814.041129
-10918.650066
-10949.634769
-11036.854439
-10909.222671
-10976.409272
-10930.593880
-10952.755540
-10927.563308
-10869.090821
-10846.842380
-10912.442377
-10899.308559
-10861.222513
-10858.936416
-10879.856992
-10841.352032
-10926.538333
-10923.715276
-10798.384111
-10901.822328
-10803.366701
-10867.200884
-10948.315365
-10904.052838
-10978.855608
-10875.916386
-10806.085576
-10787.143968
-10953.139997
-10916.290311
-10859.837670
-10755.489319
-10758.754694
-10878.103603
-10920.642568
-10807.245553
-10819.896581
-10937.704529
-10938.778260
-11039.086151
-10927.017084
-10756.356270
-10951.083316
-10958.033187
-10922.036041
-10967.480219
-10857.523115
-10840.418477
-10906.250292
-10847.571154
-10975.626437
-10798.559571
-10940.295593
-10783.782631
-10801.369871
-10803.882633
-11002.728917
-10923.435894
-10880.377714
-10773.982719
-10920.984624
-10812.690953
-10842.341356
-10782.818113
-10832.854271
-10824.202855
-10885.964025
-10790.563129
-10747.052740
-10800.478056
-10921.597719
-10706.324648
-10810.465918
-10791.298553
-10780.680825
-10901.084887
-10885.749378
-10813.073544
-10840.626010
-10932.602142
-10836.435264
-10783.056542
-10782.650986
-10812.097599
-10857.469791
-10862.346126
-10747.418722
-10866.363388
-10796.410113
-10945.245932
-10868.691235
-10874.081194
-10819.807801
-10926.454030
-10857.588470
-10862.730262
-10863.062891
-10728.559271
-10780.625421
-10740.459296
-10844.091702
-10703.014902
-10917.834131
-10790.858405
-10877.814207
-10873.801991
-10756.055136
-10750.236892
-10792.008408
-10794.551620
-10953.526126
-10840.873077
-10853.423146
-10745.611228
-10729.409137
-10807.360274
-10871.780638
-10854.623808
-10716.372433
-10726.627847
-10693.634170
-10684.483474
-10839.795533
-10862.848265
-10729.753157
-10875.958662
-10841.244129
-10797.316052
-10745.505967
-10770.356535
-10856.534475
-10610.853192
-10684.348174
-10743.573084
-10706.785763
-10797.811731
-10714.724614
-10800.523265
-10947.814429
-10824.066220
-10868.823549
-10888.187027
-10786.283271
-10784.858618
-10673.744275
-10693.343455
-10797.820203
-10871.679658
-10760.136244
-10726.826893
-10750.796272
-10622.524902
-10840.257233
-10813.432280
-10833.147608
-10886.527225
-10824.097652
-10843.810592
-10773.125039
-10804.909680
-10671.600586
-10792.371883
-10737.145893
-10827.226428
-10807.798456
-10725.855394
-10832.326088
-10642.893132
-10701.893224
-10719.380496
-10843.828187
-10727.801809
-10602.370512
-10604.516617
-10656.441436
-10745.718947
-10529.302364
-10581.840288
-10716.517054
-10752.183769
-10780.075773
-10663.878792
-10632.659337
-10599.828689
-10644.437009
-10729.504604
-10647.795590
-10690.255253
-10800.449936
-10707.793535
-10718.727454
-10821.399999
-10718.599088
-10835.436854
-10685.610524
-10802.611924
-10718.431414
-10791.806650
-10663.125197
-10549.497988
-10556.180796
-10586.573478
-10654.169362
-10765.196463
-10801.571449
-10590.842034
-10687.488684
-10666.521085
-10683.487707
-10672.040668
-10559.979350
-10685.920470
-10551.748417
-10717.188646
-10591.883194
-10733.562174
-10691.060772
-10612.177021
-10564.722491
-10656.097627
-10636.537668
-10535.228338
-10501.620200
-10531.754937
-10459.058392
-10497.859544
-10545.026716
-10514.920573
-10535.715763
-10666.041121
-10641.861680
-10479.973968
-10604.762110
-10602.463123
-10588.528976
-10566.440467
-10529.655826
-10387.100163
-10584.747728
-10537.995988
-10592.193424
-10477.129413
-10386.899363
-10359.875133
-10424.056826
-10365.980857
-10242.694215
-10485.225405
-10560.832354
-10421.774766
-10444.391835
-10383.331639
-10367.517491
-10504.587325
-10280.505648
-10281.902408
-10318.520863
-10239.286914
-10328.730926
-10305.550570
-10153.860809
-10204.053212
-10274.070353
-10254.251940
-10170.006120
-10185.946757
-10096.647368
-10021.703570
-9900.194415
-9871.777562
-9830.456413
-9862.034789
-9787.972292
-9607.094047
-9522.556839
-9461.808421
-9449.432661
-9379.503818
-9297.833133
-9186.537646
-9134.408995
-8978.127105
-8821.622990
-8663.276334
-8586.773618
-8553.130050
-8505.132858
-8508.077534
-8510.868351
-8425.283169
-8370.903552
-8350.675591
-8358.678782
-8399.617607
-8481.701450
-8421.031433
-8492.282986
-8455.677355
-8420.484211
-8408.542689
-8401.639304
-8439.792428
-8352.063581
-8401.883213
-8369.179148
-8389.283585
-8335.430839
-8352.282258
-8344.172880
-8362.689976
-8295.850285
-8319.729170
-8308.760691
-8331.278790
-8358.888554
-8376.737994
-8350.227877
-8352.517704
-8331.957974
-8341.806315
-8355.310808
-8280.355233
-8307.427288
-8278.087478
-8276.829091
-8311.155673
-8303.451108
-8297.831295
-8294.108576
-8249.215256
-8239.296438
-8238.372861
-8275.092493
-8267.565030
-8274.737316
-8220.583362
-8183.066257
-8208.660330
-8157.365379
-8155.165982
-8101.553035
-8112.854489
-8097.632753
-8073.786527
-8101.611018
-8149.868920
-8123.788692
-8116.708080
-8113.227451
-8100.541760
-8009.140696
-8039.163378
-7993.095006
-8026.396163
-8027.996312
-8015.709689
-7986.217721
-7949.773976
-7948.172920
-7978.687798
-7958.268856
-7914.708618
-7877.909411
-7846.062122
-7823.298580
-7777.139772
-7740.383293
-7666.019847
-7667.008014
-7636.918852
-7629.652942
-7601.965553
-7608.314620
-7570.315018
-7566.878340
-7524.885646
-7512.206331
-7463.150185
-7419.790809
-7466.037054
-7428.951364
-7373.468077
-7406.612972
-7405.103359
-7345.204551
-7326.089440
-7353.780294
-7289.834584
-7234.540492
-7298.393149
-7191.582189
-7214.148542
-7205.005339
-7215.268366
-7283.692217
-7256.812679
-7286.955836
-7287.090619
-7258.586597
-7257.458284
-7236.121137
-7138.863684
-7026.448984
-7027.980326
-6944.571472
-7005.217449
-6985.721317
-7038.221322
-6977.244692
-6990.120112
-7057.631081
-7088.780206
-7037.087749
-7063.813422
-7051.205487
-7050.416071
-6998.553637
-6850.290779
-6859.929688
-6823.865733
-6765.515761
-6822.004718
-6874.116475
-6858.398144
-6916.439390
-6887.901798
-6927.072249
-6934.798426
-6866.026417
-6869.649707
-6898.894574
-6853.551470
-6757.756386
-6762.803039
-6809.571355
-6734.475718
-6738.233684
-6759.804312
-6743.045246
-6673.870617
-6670.169171
-6708.584356
-6758.112368
-6752.768440
-6754.581345
-6789.357272
-6724.769813
-6724.697750
-6708.869855
-6647.431196
-6668.515406
-6635.306284
-6624.002633
-6614.721560
-6622.954967
-6623.473886
-6577.347840
-6566.656725
-6612.080789
-6636.778370
-6627.589355
-6666.344136
-6626.081063
-6659.304885
-6586.210076
-6642.712920
-6589.747562
-6562.272434
-6581.458620
-6591.735304
-6555.956423
-6519.606056
-6499.887174
-6520.122143
-6500.828751
-6468.184851
-6475.025848
-6470.690173
-6456.238784
-6474.848688
-6410.410995
-6424.485410
-6454.284613
-6424.065209
-6444.970041
-6481.438658
-6483.764180
-6483.637594
-6480.725657
-6439.582417
-6448.527741
-6426.403273
-6386.399797
-6455.745482
-6442.853469
-6433.227703
-6403.644628
-6399.069829
-6455.942416
-6519.126339
-6564.234453
-6582.387574
-6552.419572
-6528.081419
-6516.844265
-6492.521292
-6519.713155
-6524.081601
-6433.655926
-6413.667811
-6415.273678
-6459.812162
-6433.998028
-6478.256156
-6505.764251
-6559.690914
-6522.057895
-6565.645391
-6580.631543
-6573.268340
-6568.071790
-6551.002645
-6597.823429
-6513.985267
-6534.958229
-6523.489623
-6514.548921
-6507.459064
-6497.634076
-6511.553383
-6507.613397
-6502.682694
-6533.385536
-6556.459919
-6575.076532
-6531.624341
-6521.776370
-6531.355443
-6490.360320
-6498.833183
-6456.207385
-6466.512436
-6502.762561
-6503.370741
-6505.964648
-6580.758279
-6550.410310
-6560.689084
-6567.062067
-6554.479443
-6577.390144
-6579.488990
-6574.838426
-6561.795772
-6559.516075
-6540.893895
-6536.856938
-6524.380994
-6513.265863
-6513.355221
-6489.185343
-6470.963511
-6481.826004
-6516.050158
-6552.274305
-6580.465247
-6547.202177
-6555.759047
-6548.988105
-6567.195046
-6541.195633
-6532.203735
-6520.066380
-6527.352754
-6531.042071
-6545.668654
-6552.982121
-6536.386112
-6501.496730
-6531.005224
-6513.323792
-6535.913154
-6510.912920
-6497.519086
-6508.905578
-6489.683688
-6491.161773
-6506.009884
-6476.657957
-6449.098514
-6502.653125
-6517.758959
-6558.134110
-6595.178313
-6577.522265
-6509.381597
-6528.330114
-6539.295199
-6544.450132
-6527.043475
-6521.237802
-6519.607519
-6535.873022
-6519.608239
-6540.205898
-6523.658372
-6519.601862
-6513.478803
-6527.150200
-6517.477039
-6511.479832
-6518.015006
-6520.665694
-6518.595732
-6526.421786
-6518.380968
-6509.751530
-6527.779399
-6525.622172
-6516.027153
-6522.389494
-6493.336038
-6502.481407
-6531.611049
-6601.745823
-6586.058668
-6567.794727
-6566.213434
-6604.487785
-6661.675720
-6644.127011
-6605.079605
-6612.881180
-6559.314208
-6560.699976
-6536.254891
-6542.799591
-6554.689186
-6562.544183
-6572.913581
-6545.993415
-6523.060392
-6533.041531
-6550.445462
-6500.895926
-6543.379740
-6546.436225
-6559.879658
-6518.853612
-6512.463563
-6530.182516
-6511.921258
-6464.890900
-6448.748704
-6434.442311
-6435.846161
-6432.537809
-6425.627238
-6425.169328
-6425.462735
-6423.702690
-6418.941784
-6407.710122
-6416.157878
-6412.412589
-6416.645442
-6411.543421
-6442.524373
-6458.368672
-6417.640661
-6446.152801
-6423.308206
-6419.607510
-6427.144257
-6415.144583
-6409.789623
-6419.280059
-6413.871519
-6427.410109
-6419.370979
-6442.115315
-6445.061957
-6453.659170
-6418.680259
-6431.270769
-6409.695274
-6409.872771
-6438.888668
-6419.462545
-6422.473054
-6413.227129
-6410.311975
-6426.602786
-6423.201326
-6440.055187
-6452.340662
-6446.822234
-6451.541213
-6459.734613
-6439.696806
-6436.999325
-6428.375241
-6418.879078
-6433.622914
-6443.512879
-6434.836026
-6460.682067
-6442.196147
-6478.115161
-6506.696620
-6511.180849
-6471.116543
-6519.832194
-6463.034359
-6441.653128
-6450.115322
-6441.635126
-6446.947142
-6468.269645
-6514.831225
-6537.600633
-6520.899370
-6474.299161
-6453.204666
-6443.902908
-6407.980358
-6391.453188
-6400.305952
-6429.396903
-6393.135576
-6374.570964
-6372.025091
-6375.219620
-6390.833722
-6372.448616
-6344.899183
-6360.538752
-6367.769174
-6368.566877
-6366.857876
-6359.995388
-6387.916730
-6388.988975
-6380.902016
-6396.226800
-6408.577096
-6413.884670
-6415.562939
-6396.983342
-6405.011999
-6426.683526
-6404.884745
-6414.300883
-6367.826357
-6383.098804
-6379.614019
-6381.562720
-6397.365969
-6410.305126
-6393.049888
-6414.246547
-6421.549969
-6404.053991
-6376.052283
-6387.900537
-6388.664197
-6383.337049
-6386.597511
-6405.064123
-6422.497381
-6391.771967
-6400.711590
-6425.123166
-6377.704017
-6361.064820
-6381.611181
-6397.920500
-6398.215335
-6406.417324
-6426.673583
-6402.783879
-6399.216727
-6390.282896
-6390.692156
-6408.132247
-6371.705348
-6369.571011
-6369.666656
-6382.445652
-6356.217280
-6411.657473
-6425.552140
-6408.263520
-6412.775414
-6373.828456
-6406.025305
-6384.317889
-6405.716838
-6429.676546
-6422.796820
-6428.384142
-6436.700088
-6416.421878
-6452.061199
-6474.611161
-6407.962693
-6406.140624
-6421.924950
-6426.153256
-6416.908196
-6437.412212
-6423.171624
-6409.108997
-6458.888256
-6489.170961
-6466.807985
-6423.102548
-6482.424023
-6459.655376
-6436.207448
-6468.870521
-6496.801097
-6511.770242
-6492.879587
-6453.933029
-6428.062086
-6450.315255
-6436.911785
-6399.024720
-6357.327712
-6367.891594
-6361.581591
-6355.305724
-6368.181770
-6360.345800
-6358.432613
-6371.878852
-6398.423854
-6420.157939
-6394.156484
-6389.075065
-6394.720923
-6389.362769
-6489.493009
-6494.303267
-6471.414563
-6516.148910
-6512.901899
-6524.721578
-6530.858343
-6543.929480
-6487.240423
-6547.140720
-6539.488082
-6601.502069
-6570.490957
-6605.573165
-6536.802327
-6538.815256
-6560.634784
-6569.139903
-6522.497450
-6445.494813
-6486.028469
-6511.762014
-6492.901735
-6502.025504
-6488.598700
-6474.555996
