-10239.475588
-10829.262605
-10906.062217
-10990.689838
-11047.063315
-11025.322540
-10912.195029
-10864.038392
-10946.221696
-10946.282447
-10872.026475
-10907.139429
-11014.970028
-10943.180353
-10881.940884
-10967.298037
-10974.733298
-10981.396652
-11049.662434
-10964.938569
-10919.124172
-10867.343685
-11003.768695
-11050.424149
-11002.653603
-11162.505275
-10869.424696
-10884.662604
-10995.436611
-10790.829154
-10831.533671
-10884.534706
-10830.009087
-10951.509194
-10764.320280
-10914.696424
-10795.486086
-10872.652001
-10817.364162
-10894.347375
-10960.287248
-10922.668448
-10875.894375
-10822.364242
-10859.780605
-10856.249797
-10912.937909
-10852.074191
-10911.928191
-10931.125940
-10817.147044
-10913.620228
-10937.120140
-10970.713755
-10935.670678
-10915.374762
-10864.353847
-10885.942055
-11045.099833
-10899.160927
-11008.638290
-10905.309197
-10926.270976
-10849.216431
-10885.757921
-10922.859131
-10930.625578
-10942.881312
-10955.804226
-10875.389179
-10971.059208
-10847.528254
-10856.673696
-10835.112670
-10990.655704
-10954.009581
-10976.497319
-10832.523682
-10856.633322
-10830.581194
-10939.306553
-10890.628346
-10946.797662
-10971.233353
-10953.534457
-10874.339060
-10758.929128
-10852.800232
-10867.597805
-10924.622324
-10921.624051
-11036.643219
-10918.997221
-11003.717132
-10900.892477
-10941.003767
-10935.458296
-11029.816914
-11024.845435
-10904.041213
-10966.099215
-11005.962786
-10799.069667
-10880.732986
-10928.398899
-10872.889606
-10913.449644
-10880.119668
-10663.759776
-10862.662649
-10839.244505
-10913.416361
-11080.078844
-10975.007562
-10845.260087
-10844.684343
-11003.595318
-10793.798573
-10892.152133
-10939.606410
-10986.069476
-10940.063064
-11003.359759
-10973.763671
-10931.122393
-10866.912557
-10868.184692
-10870.879984
-10825.127794
-10889.059738
-10956.653252
-11005.757605
-10832.427108
-10835.999908
-10964.064287
-10954.863724
-10887.270807
-10877.374100
-10856.881123
-10859.599959
-10855.935551
-10936.047333
-10749.275484
-11048.567870
-11031.358525
-10997.026910
-10983.643437
-10886.691981
-10830.388301
-10896.944963
-10856.842985
-10747.722750
-10799.432091
-10794.729437
-10899.063499
-10895.500920
-10891.688929
-10881.184551
-10776.593577
-10871.022903
-10845.871774
-10842.542970
-10754.305191
-10754.873206
-10931.318760
-11003.018542
-10913.261559
-10811.670681
-10782.943385
-10955.348634
-10931.926880
-10947.739622
-10964.023304
-10866.803952
-10920.631918
-10830.389325
-10778.219417
-10923.151239
-10948.140738
-10870.206550
-10888.514134
-10959.237456
-10759.678724
-10808.940773
-10818.115067
-10906.097936
-10853.945160
-10869.253767
-10899.808442
-10726.306527
-10845.481936
-10712.715186
-10869.173297
-10857.361835
-10913.455156
-10836.954444
-10950.325118
-10993.519275
-10900.352348
-10981.490975
-10893.850962
-10878.825162
-11010.379354
-10945.463127
-10980.200471
-10949.515558
-10786.465257
-10780.086650
-10902.714909
-10792.317359
-10833.407344
-10823.428319
-10836.725920
-10752.211757
-10734.745064
-10775.871094
-10739.634704
-10882.598564
-10823.753972
-10879.680556
-10947.350138
-10789.187436
-10871.124041
-10834.786458
-10838.307118
-10925.390336
-10760.627557
-10790.176344
-10760.954728
-10853.695013
-10839.080395
-10761.788548
-10844.161025
-10840.651163
-10820.598531
-10900.731630
-10747.339042
-10828.973066
-10705.431354
-10862.022394
-10753.006308
-10628.051723
-10887.406376
-10785.902251
-10818.997353
-10781.995266
-10860.569327
-10936.911182
-10719.162878
-10725.062652
-10779.836276
-10771.567420
-10833.749318
-10754.194494
-10800.955987
-10865.739534
-10799.972294
-10847.036833
-10709.070811
-10761.092876
-10711.382069
-10930.772083
-10842.789870
-10839.722094
-10935.700598
-10828.676910
-10752.887734
-10702.785039
-10735.493001
-10792.396921
-10826.354447
-10806.603925
-10725.201757
-10910.788062
-10750.191470
-10679.005644
-10822.057850
-10821.631328
-10822.392540
-10833.156238
-10824.370560
-10934.979599
-10761.909470
-10758.106732
-10741.730615
-10677.093303
-10627.146518
-10794.195486
-10920.549194
-10816.883039
-10772.074322
-10771.628818
-10739.785001
-10742.693367
-10777.105696
-10673.858134
-10695.281348
-10593.251557
-10689.507134
-10662.268352
-10609.791880
-10497.881772
-10652.629802
-10753.273687
-10777.112755
-10671.285613
-10682.848959
-10698.569319
-10789.001202
-10618.970904
-10753.768918
-10768.314111
-10762.143345
-10724.770169
-10556.399803
-10521.872516
-10658.692814
-10765.630677
-10641.138020
-10761.927276
-10746.590766
-10603.456537
-10657.979540
-10781.590925
-10654.123782
-10710.861440
-10722.303146
-10635.612670
-10642.204709
-10583.739385
-10705.325550
-10587.826708
-10679.480954
-10704.012743
-10702.110096
-10608.512484
-10621.377830
-10617.365808
-10624.898887
-10596.114199
-10611.146701
-10614.326155
-10548.162289
-10573.297471
-10651.698361
-10659.026740
-10716.288729
-10729.605910
-10589.282668
-10615.740011
-10621.817618
-10493.038649
-10571.721839
-10605.851941
-10555.527198
-10474.827333
-10618.581016
-10445.494934
-10539.861395
-10527.979837
-10570.263259
-10633.688964
-10614.207551
-10469.834411
-10468.796215
-10563.842767
-10490.336472
-10488.013367
-10353.464334
-10511.122245
-10466.880247
-10432.014507
-10436.666624
-10469.675752
-10380.944418
-10426.788545
-10485.811486
-10447.843616
-10447.653354
-10409.868747
-10285.633716
-10311.323282
-10385.052077
-10340.662722
-10258.490804
-10121.568961
-10052.984315
-10132.495680
-10136.390184
-10215.266735
-10113.728033
-10215.334589
-10111.990243
-10171.805439
-10190.337457
-10225.395853
-10146.058808
-10036.501512
-10083.143193
-10147.854763
-9975.243213
-10022.743044
-10007.621599
-9894.054442
-9974.117161
-9854.042417
-9780.125197
-9676.421246
-9615.960133
-9622.322613
-9508.499792
-9361.647652
-9290.742284
-9151.625673
-9087.538266
-8950.616335
-8877.348001
-8862.819098
-8811.236659
-8592.288811
-8553.281213
-8497.230713
-8532.670748
-8512.766687
-8462.831047
-8465.428760
-8464.710170
-8477.368915
-8444.319237
-8439.256294
-8441.409135
-8417.112067
-8400.308741
-8382.439543
-8397.966904
-8434.941342
-8413.253244
-8401.491072
-8331.591436
-8312.816037
-8372.039310
-8367.349543
-8380.922702
-8355.977013
-8360.296831
-8360.937661
-8347.924930
-8306.243977
-8295.117407
-8290.818419
-8278.532735
-8303.698431
-8283.381953
-8252.331588
-8261.958961
-8262.641636
-8227.268406
-8175.617170
-8199.780637
-8212.288113
-8175.700071
-8180.658718
-8171.097555
-8153.461632
-8175.931253
-8182.162022
-8148.117614
-8122.044079
-8155.553304
-8141.043215
-8145.624730
-8106.681272
-8080.728869
-8117.802461
-8121.487968
-8100.548015
-8082.027734
-8105.883536
-8096.716925
-8063.193917
-8040.483690
-8013.138629
-8007.124034
-8033.622652
-8020.905946
-8008.836103
-8056.806854
-8035.196839
-8010.175075
-7996.781348
-7995.605803
-7972.443484
-7930.167614
-7980.034340
-7964.015338
-7866.947976
-7858.542160
-7842.834662
-7785.424827
-7771.341818
-7749.574186
-7683.706393
-7646.025482
-7640.784163
-7597.710689
-7565.258581
-7540.951930
-7527.481109
-7524.970787
-7481.436892
-7493.681292
-7527.004394
-7472.236335
-7410.817146
-7446.542930
-7366.012103
-7313.657102
-7351.615503
-7338.335166
-7323.873475
-7195.348756
-7129.127386
-7073.885640
-7057.771780
-6976.029606
-6944.422136
-6969.014182
-6927.070870
-6938.928892
-6972.793459
-6963.800881
-6965.504639
-6967.662754
-6987.589148
-7027.964584
-6988.401472
-6989.124075
-7002.679362
-6942.252606
-6928.628040
-6885.739244
-6884.476415
-6813.342701
-6788.070726
-6770.892503
-6783.449487
-6737.300807
-6758.038679
-6717.898458
-6737.011369
-6687.329869
-6640.876452
-6660.864717
-6562.749010
-6583.891273
-6607.036160
-6558.885159
-6501.862609
-6475.335071
-6385.238555
-6469.728974
-6406.254090
-6389.100571
-6305.838774
-6315.567703
-6256.068590
-6357.719774
-6411.188584
-6410.235714
-6347.082810
-6426.387185
-6374.423584
-6343.262207
-6342.758650
-6322.149397
-6412.639139
-6364.975191
-6386.465029
-6370.907123
-6336.824599
-6387.854455
-6376.240009
-6420.099046
-6406.580970
-6393.728196
-6395.186578
-6396.199506
-6385.710487
-6370.337579
-6401.659127
-6358.240007
-6299.952463
-6237.981055
-6299.597895
-6266.513707
-6279.394360
-6259.198352
-6245.020789
-6186.925990
-6182.909642
-6204.908954
-6217.100027
-6234.607463
-6237.397288
-6260.862800
-6268.845483
-6290.275782
-6218.139636
-6217.744937
-6185.818071
-6212.490410
-6228.381740
-6278.171523
-6262.348744
-6223.406299
-6220.763278
-6241.404730
-6195.636286
-6155.313312
-6193.349441
-6216.453309
-6222.262577
-6238.899338
-6203.356451
-6203.777556
-6219.039161
-6195.537273
-6160.360211
-6132.781177
-6127.814777
-6140.189413
-6120.304488
-6077.784032
-6080.430126
-6144.796324
-6169.606459
-6167.577512
-6173.032886
-6147.215458
-6142.217151
-6180.429726
-6204.961274
-6141.534111
-6136.766882
-6148.053570
-6138.735568
-6159.134436
-6147.480264
-6188.775697
-6152.218275
-6130.914606
-6138.623725
-6134.698125
-6103.052393
-6131.955297
-6149.946473
-6144.106521
-6151.674777
-6162.929653
-6208.073108
-6226.706088
-6224.418306
-6189.780841
-6160.604948
-6142.028678
-6166.515757
-6201.797076
-6298.600585
-6357.876370
-6399.263896
-6323.856283
-6304.200406
-6300.626859
-6283.605761
-6327.846658
-6295.317630
-6352.386962
-6304.911001
-6317.347484
-6404.737306
-6488.218269
-6504.551987
-6468.790790
-6463.928160
-6425.668144
-6379.237085
-6318.270745
-6334.767575
-6351.496927
-6352.440004
-6384.149394
-6342.225104
-6331.140865
-6365.003228
-6332.985968
-6319.843533
-6357.107473
-6299.508939
-6352.145234
-6379.926479
-6382.821030
-6363.512439
-6353.096731
-6406.977143
-6409.145596
-6413.924979
-6352.609921
-6325.719409
-6342.291063
-6316.446093
-6341.084135
-6393.117993
-6380.579239
-6375.932971
-6343.604900
-6315.112470
-6289.120623
-6265.445538
-6269.866970
-6298.043302
-6339.879405
-6249.801878
-6229.928683
-6284.146839
-6252.723018
-6271.643406
-6246.472328
-6283.074005
-6250.769180
-6316.758466
-6366.727501
-6352.702818
-6342.755694
-6349.476405
-6313.424760
-6354.281546
-6334.570771
-6385.263019
-6462.780982
-6491.982542
-6480.432499
-6486.953260
-6436.699349
-6437.015874
-6402.785132
-6365.356963
-6336.169096
-6306.089120
-6242.289055
-6239.706974
-6262.631594
-6309.939634
-6288.281630
-6263.237530
-6244.069833
-6254.267246
-6295.498168
-6250.726025
-6209.628482
-6233.711744
-6257.859407
-6259.755464
-6283.308697
-6293.916603
-6281.808444
-6304.347483
-6246.349135
-6206.592822
-6209.374844
-6237.892750
-6271.830000
-6235.828871
-6238.907091
-6296.679564
-6300.005350
-6248.124849
-6172.580573
-6126.879401
-6074.243086
-6058.345974
-5988.098175
-5992.587541
-6004.420982
-5925.071297
-5887.623044
-5846.571620
-5844.577597
-5807.124680
-5758.783164
-5795.442170
-5802.801341
-5805.228770
-5791.214474
-5850.478494
-5937.308458
-5929.981728
-5954.213405
-5930.349773
-5940.976992
-5969.399749
-5883.661304
-5945.513809
-5925.010859
-5967.466450
-5918.124794
-5978.830047
-6001.580744
-6049.692970
-6030.593170
-6000.297189
-5961.585447
-5957.167870
-5951.738408
-5944.570761
-5967.364748
-5941.309087
-5908.396908
-5897.936410
-5928.620089
-5923.274274
-5910.385429
-5924.360180
-5920.806791
-5911.518873
-5901.816147
-5939.811173
-5919.196545
-5920.796337
-5914.858832
-5929.186418
-5928.772399
-5951.952345
-5941.361433
-5948.875652
-5921.050095
-5904.761619
-5912.038444
-5917.992655
-5889.106347
-5928.939103
-5903.837280
-5901.790268
-5911.559745
-5895.422514
-5923.768443
-5931.796895
-5940.572336
-5965.009317
-5986.167217
-5986.219233
-6002.887265
-5980.817765
-5977.470928
-5986.003308
-5978.710191
-5960.856512
-5981.229935
-5949.635363
-5939.355946
-5958.266260
-5965.010501
-5950.070263
-5952.751659
-5945.831672
-5934.106082
-5938.585270
-5924.354231
-5952.878455
-5928.688516
-5969.065274
-5958.018630
-5948.268995
-5961.993739
-5969.145281
-5947.019020
-5969.644084
-5984.043098
-5980.485237
-5991.180416
-5996.394094
-5992.936659
-5957.820708
-5913.127397
-5927.964675
-5930.156387
-5916.181429
-5917.771337
-5907.786465
-5909.719876
-5910.408414
-5922.314074
-5892.191205
-5906.947583
-5856.171161
-5856.557221
-5825.088287
-5849.398977
-5837.937076
-5837.490762
-5841.462172
-5843.021244
-5849.988626
-5853.815352
-5849.830321
-5855.701369
-5859.531426
-5855.109049
-5850.893681
-5847.498434
-5861.840598
-5871.419871
-5855.235851
-5853.433134
-5846.153632
-5870.637510
-5886.797467
-5882.614580
-5885.789983
-5892.162829
-5884.850086
-5884.509540
-5905.160267
-5884.855435
-5891.559436
-5868.557647
-5867.730992
-5859.673992
-5833.119519
-5859.924968
-5933.365414
-5897.288577
-5885.677984
-5872.653783
-5907.585252
-5839.826026
-5807.581604
-5804.775435
-5811.371237
-5818.678244
-5831.371060
-5829.573960
-5822.178675
-5848.781864
-5841.530245
-5851.881812
-5817.647073
-5842.932565
-5845.989041
-5860.514559
-5868.822398
-5886.799423
-5887.822385
-5891.183839
-5893.140935
-5880.667034
-5884.922747
-5889.620559
-5905.911237
-5904.609854
-5883.653250
-5865.464865
-5853.055110
-5840.218939
-5891.123938
-5884.884394
-5873.048530
-5871.529029
-5866.121666
-5886.888281
-5863.060290
-5870.395029
-5867.405133
-5875.839055
-5879.273157
-5861.747409
-5884.156126
-5859.712542
-5911.674138
-5875.214405
-5854.604293
-5821.897547
-5796.723395
-5774.263049
-5788.756049
-5791.305526
-5790.393100
-5748.170298
-5742.930098
-5763.987430
-5803.904444
-5802.627833
-5809.455853
-5839.177704
-5826.066490
-5820.589113
-5829.840536
-5837.149178
-5846.170801
-5831.711049
-5807.692709
