-10342.934617
-10824.735661
-10966.376236
-10902.051370
-10798.562057
-10959.723763
-10897.824140
-10883.476719
-10900.643631
-10912.387416
-10910.234853
-11103.074051
-11088.513988
-11060.809038
-10976.011896
-10918.333543
-10824.650600
-10934.696816
-11031.937162
-10965.522647
-10983.338366
-11024.872834
-10908.290488
-10946.187885
-10952.608645
-10922.836667
-10993.651432
-10938.996180
-10853.525771
-10980.713744
-10871.896811
-10958.887529
-10961.041120
-10861.116762
-11043.332799
-11000.309640
-10986.339807
-10881.899079
-11100.721836
-11004.833285
-10885.497308
-10986.024331
-10972.591272
-11046.217903
-10958.549777
-11003.438363
-10965.287418
-10935.202479
-10915.190973
-10951.088004
-11010.402534
-11030.594636
-11068.286292
-10950.791770
-10951.271501
-10914.872770
-10967.637323
-10926.624777
-10869.856230
-10906.091908
-10995.370616
-10890.231757
-11036.084980
-11028.860635
-10985.544363
-10985.410646
-10890.441916
-10803.068500
-10993.938352
-11081.255784
-10849.995208
-10881.831777
-10824.138813
-10963.987947
-11064.369236
-10952.692219
-10896.010988
-10870.157774
-10926.430398
-11031.562275
-10992.163063
-11017.583843
-10977.764210
-10993.053038
-10967.179397
-10999.756948
-10974.780534
-10888.897126
-10964.225715
-10927.250143
-10986.472129
-10945.272548
-11009.444698
-10860.695136
-10989.706537
-10998.136076
-11005.415897
-10710.832453
-10935.480130
-10858.353349
-10867.807176
-10829.860912
-10786.639516
-10818.331948
-10868.793361
-10964.607470
-10849.250260
-10919.197975
-10905.095932
-10895.966165
-10893.879230
-10844.387196
-10832.853056
-10884.630968
-10922.201547
-10971.759356
-10892.874900
-10974.866933
-10868.102150
-11003.008413
-10900.250660
-11071.596929
-10834.173330
-10886.533131
-10820.016324
-10912.028592
-10848.268391
-10886.702940
-10851.573136
-10962.518574
-10886.731439
-10961.226357
-10918.050293
-10815.617940
-10936.390121
-10826.252486
-10746.923715
-10872.611438
-10905.937103
-10962.149817
-10844.808093
-10972.392215
-11031.451198
-10809.172890
-10929.337738
-10921.818322
-10976.380312
-10904.127824
-10837.261360
-10825.293785
-10925.254800
-10849.375944
-10811.265599
-10867.620106
-10953.646907
-10925.114356
-10866.875724
-10840.251498
-10948.941188
-11037.681254
-11041.510102
-10954.543506
-10760.936387
-10943.935275
-11020.844790
-10860.042264
-10857.945598
-10978.319258
-10942.259083
-10901.904067
-10861.444353
-10808.882879
-10851.630945
-10855.885879
-10955.129483
-10679.099565
-10808.933142
-10732.262519
-10825.540708
-10889.220913
-10918.026815
-10931.473516
-10790.420347
-10753.922680
-10813.207099
-10950.360073
-10818.488804
-10828.655428
-10763.446376
-10842.251334
-10968.667051
-10791.526407
-10971.720123
-10835.092492
-10813.749139
-10806.353463
-10877.896363
-10762.725367
-10760.857117
-10727.323616
-10809.057485
-10803.544853
-10829.540814
-10907.981000
-10738.307247
-10846.646761
-10776.292246
-10809.205897
-10858.226478
-10892.788432
-10882.098608
-10946.019028
-10891.062180
-10865.551690
-10889.111133
-10724.242575
-10923.078703
-10802.322244
-10811.427406
-10833.991045
-10805.035016
-10821.150890
-10877.407876
-10964.387254
-10797.420667
-10802.724600
-10767.965006
-10648.836562
-10772.639151
-10828.677515
-10821.564124
-10906.768801
-10951.496443
-10964.644029
-10785.548386
-10780.979523
-10682.368087
-10711.552232
-10822.712901
-10910.781156
-10775.573752
-10748.410394
-10728.280479
-10728.765564
-10730.161464
-10742.763687
-10826.917204
-10941.473679
-10967.248165
-10951.300817
-10924.042163
-10921.965608
-10865.461236
-10708.443591
-10764.613118
-10916.399535
-10835.309271
-10780.625846
-10845.887790
-10866.778626
-10760.699279
-10850.291647
-10771.882990
-10768.747976
-10809.869168
-10899.395234
-10926.044496
-10816.754584
-10833.250996
-10812.649556
-10696.156021
-10758.579403
-10724.843555
-10735.726773
-10737.306058
-10800.875671
-10791.558380
-10661.316684
-10761.506812
-10654.275810
-10700.622325
-10725.458439
-10761.623576
-10793.471491
-10699.469357
-10679.005581
-10767.229102
-10651.502933
-10548.055476
-10564.860135
-10609.215674
-10710.954866
-10680.699507
-10634.648681
-10772.496267
-10816.218883
-10577.287551
-10724.962294
-10641.934233
-10646.666195
-10652.495741
-10588.176985
-10791.536730
-10744.298343
-10857.152998
-10842.352413
-10738.980786
-10727.836666
-10671.255089
-10661.041613
-10721.733773
-10752.651516
-10840.888728
-10778.569407
-10696.749477
-10634.323295
-10743.437141
-10721.914235
-10634.907483
-10658.446001
-10620.711196
-10602.063981
-10625.883477
-10693.434260
-10661.664140
-10672.281725
-10709.222732
-10640.931491
-10754.838910
-10737.743352
-10657.816518
-10591.308385
-10647.185468
-10635.297840
-10723.691905
-10660.859035
-10739.546377
-10761.324777
-10752.151978
-10803.452807
-10658.602916
-10636.655770
-10525.103154
-10620.155722
-10510.921185
-10679.117178
-10654.516011
-10607.470781
-10633.351797
-10621.053790
-10546.549815
-10512.089622
-10695.927572
-10608.077166
-10692.819543
-10577.685691
-10526.655079
-10572.328466
-10509.563116
-10514.368737
-10524.694870
-10532.235796
-10569.162002
-10546.505764
-10520.998063
-10379.186179
-10432.506138
-10511.877564
-10546.216091
-10481.522082
-10514.834359
-10554.191628
-10505.221449
-10534.140941
-10419.908281
-10409.427794
-10414.398768
-10360.068795
-10346.579009
-10353.414022
-10451.698602
-10333.768985
-10173.633297
-10266.192800
-10277.817248
-10197.206256
-10126.577069
-10260.864722
-10248.750458
-10263.016782
-10305.012561
-10175.424477
-10272.002405
-10142.791242
-10105.632272
-10094.915855
-10045.596114
-10228.524016
-10085.778499
-9995.060412
-10025.771166
-9905.023444
-9966.383813
-9714.286458
-9676.448554
-9641.727026
-9630.188121
-9639.427931
-9511.868638
-9385.747864
-9334.228390
-9302.266294
-9149.638812
-9065.091310
-8984.866273
-8845.704247
-8748.061620
-8631.945808
-8592.952718
-8504.816389
-8388.397856
-8444.257379
-8436.037206
-8425.550007
-8424.724747
-8441.539364
-8415.845868
-8396.867568
-8387.540609
-8425.482037
-8414.656275
-8392.045500
-8413.222224
-8416.343712
-8422.114089
-8406.588859
-8378.910869
-8311.825385
-8366.826546
-8340.365747
-8343.594822
-8381.268443
-8313.382721
-8305.225987
-8324.254349
-8324.541618
-8328.431162
-8315.887711
-8338.841265
-8357.528591
-8288.209390
-8339.866162
-8312.874140
-8312.246339
-8295.360769
-8265.064555
-8267.195641
-8282.815621
-8282.433161
-8262.116916
-8264.024133
-8264.177290
-8257.556129
-8255.752739
-8239.266602
-8220.698738
-8237.926073
-8253.553437
-8231.431591
-8203.400684
-8208.269339
-8182.507939
-8173.444000
-8140.116118
-8158.377837
-8137.562982
-8138.187369
-8096.963253
-8082.265377
-8078.066805
-8088.804634
-8054.123752
-8114.605393
-8115.055845
-8133.396113
-8146.682573
-8130.877970
-8137.775650
-8087.204664
-8058.376601
-8047.629533
-8076.810303
-8060.964752
-8028.292969
-8010.457395
-7988.299826
-7920.705970
-7863.375279
-7857.470357
-7799.692163
-7770.655881
-7736.334676
-7739.680914
-7688.335863
-7717.932844
-7714.488369
-7674.600513
-7633.055180
-7639.458856
-7592.603638
-7622.324614
-7596.841485
-7641.840473
-7613.576672
-7601.363251
-7600.269783
-7585.805271
-7544.129571
-7555.208145
-7552.627359
-7449.319524
-7484.432579
-7503.076253
-7472.848521
-7467.343071
-7482.935452
-7415.461048
-7356.983001
-7336.937372
-7321.748528
-7253.095267
-7212.623992
-7292.988256
-7316.471324
-7347.008652
-7325.698661
-7328.432529
-7357.256729
-7358.735986
-7327.273827
-7283.414931
-7285.026854
-7323.137362
-7318.375907
-7303.284215
-7274.388713
-7265.945841
-7242.977661
-7241.561684
-7284.358860
-7233.358337
-7221.022168
-7216.473509
-7165.849553
-7133.064282
-7109.323936
-7159.778022
-7092.624596
-7144.284030
-7106.505413
-7041.267219
-7032.981583
-6980.132680
-6949.380103
-6920.458143
-6845.294317
-6853.050507
-6923.805816
-6914.904537
-6906.317130
-7030.222782
-7055.673607
-7023.924813
-7004.942558
-7017.318757
-7050.060121
-7078.557236
-7061.533478
-7066.421838
-7058.905227
-7038.656459
-7087.193675
-7112.764586
-7059.320290
-7027.540560
-7010.143489
-6964.421779
-6970.013898
-6979.540446
-6957.647543
-6995.046187
-7044.368122
-7056.331266
-7071.160582
-7097.850865
-7139.506431
-7092.662449
-7108.507189
-7052.611363
-6977.148730
-6963.078280
-6997.394056
-6915.750898
-6901.481326
-6901.989239
-6930.619438
-6933.354744
-6900.614730
-6869.163725
-6876.152545
-6873.395841
-6878.053913
-6890.548500
-6899.838877
-6885.536651
-6910.206248
-6870.714481
-6786.468528
-6680.782218
-6655.539261
-6690.322706
-6695.279163
-6684.595411
-6714.696319
-6654.817135
-6645.170385
-6650.002263
-6626.884635
-6652.829154
-6573.394095
-6545.505653
-6569.356541
-6527.478157
-6469.515928
-6510.012553
-6500.904908
-6542.742900
-6517.865456
-6501.609730
-6534.645185
-6524.353443
-6460.972346
-6503.455874
-6512.850208
-6590.739497
-6530.724105
-6542.897276
-6505.533561
-6570.669206
-6590.995789
-6590.188313
-6538.823020
-6567.855478
-6617.129484
-6654.833709
-6587.216923
-6558.331534
-6550.836548
-6567.051209
-6565.860154
-6660.027856
-6672.333838
-6747.157170
-6672.545080
-6704.893706
-6670.793766
-6663.512056
-6595.967612
-6601.025461
-6606.595898
-6565.565711
-6546.955370
-6560.263651
-6540.925111
-6553.575735
-6520.087881
-6520.482455
-6523.257226
-6449.980160
-6460.991873
-6418.913311
-6450.860648
-6421.874175
-6406.851139
-6402.506256
-6373.666751
-6387.519676
-6438.482083
-6435.619799
-6437.577866
-6490.005312
-6410.851321
-6429.882390
-6368.256374
-6332.394052
-6267.785929
-6186.706236
-6204.674621
-6150.309041
-6178.858936
-6134.560903
-6154.867971
-6153.712940
-6156.714518
-6138.589947
-6127.386334
-6198.796475
-6227.167342
-6215.533179
-6214.292050
-6255.695578
-6203.242062
-6154.355728
-6105.375859
-6117.837433
-6150.300350
-6121.510620
-6122.676007
-6135.764330
-6123.814189
-6182.961903
-6245.645376
-6282.336952
-6288.403533
-6257.088744
-6295.585257
-6264.949574
-6275.276269
-6318.436424
-6273.638324
-6236.585627
-6276.585290
-6248.538504
-6253.999978
-6241.535080
-6209.848700
-6196.815928
-6180.218988
-6202.754624
-6174.397789
-6202.597128
-6174.564243
-6207.988587
-6237.962538
-6176.817537
-6110.869714
-6101.878883
-6134.370263
-6119.651410
-6138.295892
-6142.679981
-6116.037266
-6110.825968
-6114.252997
-6096.762132
-6131.472598
-6118.345786
-6124.620511
-6143.772704
-6071.335041
-6119.319235
-6175.340821
-6181.699694
-6179.087123
-6210.017845
-6262.963085
-6300.860699
-6272.651361
-6285.504045
-6340.957830
-6303.855007
-6310.309765
-6261.009599
-6298.575162
-6242.299773
-6266.840141
-6287.323843
-6284.044436
-6308.317874
-6324.695355
-6335.369509
-6347.045880
-6365.705280
-6389.315835
-6386.644107
-6377.401141
-6398.600265
-6373.677384
-6391.748169
-6379.631445
-6427.056491
-6433.104431
-6446.036199
-6445.175107
-6440.175863
-6404.330979
-6428.925686
-6384.106208
-6409.971783
-6370.256779
-6388.016823
-6423.406231
-6393.531844
-6363.279618
-6341.995631
-6329.642239
-6344.065992
-6294.756756
-6272.879656
-6265.442453
-6298.202369
-6294.386043
-6295.043348
-6287.222628
-6307.384579
-6306.808266
-6330.998497
-6295.432103
-6250.477347
-6311.277788
-6314.080003
-6288.990452
-6290.328498
-6261.780791
-6273.173491
-6314.247339
-6317.632755
-6319.726981
-6323.896012
-6361.534977
-6384.125318
-6333.702388
-6250.996191
-6293.546912
-6283.673715
-6304.365801
-6325.384713
-6335.310713
-6351.165055
-6293.045741
-6273.929703
-6200.618347
-6207.971230
-6234.140489
-6278.028653
-6260.363394
-6209.014993
-6162.088910
-6210.068196
-6260.157679
-6257.598442
-6231.008388
-6211.792721
-6223.726640
-6201.766293
-6232.078484
-6278.200563
-6270.780100
-6289.657489
-6318.476625
-6353.205480
-6361.774356
-6346.083939
-6353.436006
-6359.724295
-6344.569183
-6371.377862
-6381.726198
-6396.529783
-6406.203753
-6418.381183
-6371.413336
-6361.251861
-6354.995951
-6328.370304
-6326.696283
-6374.414278
-6415.101758
-6388.543983
-6411.479245
-6391.933391
-6429.872823
-6417.374421
-6456.763346
-6439.618303
-6409.929070
-6398.068881
-6368.753706
-6320.662918
-6317.634954
-6324.640289
-6305.517544
-6264.663775
-6217.828681
-6204.897616
-6196.013648
-6196.035258
-6132.574509
-6125.582961
-6152.513162
-6155.979162
-6119.914771
-6160.121893
-6147.950866
-6033.156637
-6005.686784
-5985.637911
-5989.512440
-5943.946750
-5953.773528
-5935.750683
-5925.702516
-5941.768545
-5952.802901
-5904.368098
-5859.222716
-5837.738102
-5814.968968
-5836.581315
-5801.079768
-5795.411227
-5808.714508
-5810.040913
-5799.260086
-5805.370901
-5811.081393
-5818.056268
-5810.652004
-5811.957932
-5813.716870
-5814.402790
-5803.074496
-5812.340060
-5811.218436
-5822.865872
-5842.932374
-5861.682939
-5814.236775
-5828.038638
-5827.308540
-5849.050366
-5843.524246
-5819.195891
-5828.033039
-5832.382771
-5843.492635
-5840.021582
-5870.255217
-5833.494684
-5824.406429
-5826.074196
-5829.571875
-5818.722515
-5821.639445
-5804.869020
-5812.478053
-5807.000576
-5820.190135
-5806.963433
-5799.219331
-5798.064003
-5804.666969
-5835.573550
-5832.836342
-5817.324535
-5849.688475
-5823.259994
-5820.643099
-5825.806150
-5806.413024
-5802.354787
-5832.181089
-5842.787180
-5839.420583
-5811.500644
-5814.682303
-5801.285604
-5802.578138
-5801.445977
-5799.672532
-5788.624607
-5789.507895
-5787.389620
-5787.389620
-5788.624607
-5789.475704
-5789.106331
-5788.857634
-5787.006782
-5790.607943
-5786.361474
-5783.696443
-5786.855103
-5785.013477
-5787.055607
-5794.074594
-5782.676642
-5786.855103
-5785.394766
-5786.623602
