-10261.997217
-10891.034334
-10920.027826
-10813.936150
-10913.618328
-10881.088542
-10888.173167
-10958.377215
-10932.500631
-10981.881465
-10976.124086
-10975.485050
-10989.117256
-11002.381760
-10873.217209
-10966.704719
-10961.032011
-10962.829337
-11000.682066
-10915.716998
-10967.773827
-11007.214985
-10929.422272
-10925.575688
-10929.722547
-10957.240667
-10983.957343
-10998.684489
-10945.102820
-10851.917799
-11068.460362
-10747.437570
-10713.677776
-10818.364024
-10907.865965
-10911.418860
-11004.297559
-11007.286411
-11058.083222
-10980.595258
-10967.733398
-10830.611763
-10889.827264
-10962.833500
-10791.910689
-11002.857494
-10874.197957
-10865.619415
-10927.893640
-10900.128103
-11016.814910
-10923.113813
-11002.795671
-10907.737901
-10933.285799
-10907.296395
-10977.586141
-10993.197823
-10839.461441
-10848.845795
-11046.226546
-10949.531589
-11003.606559
-10885.418288
-10823.520969
-11039.942754
-10956.583656
-10923.106699
-11020.612447
-10819.135279
-10957.703482
-10956.166827
-10858.822764
-11002.386984
-10956.458376
-10882.733537
-10925.408425
-11017.647923
-10972.192652
-10937.109358
-10915.207010
-10880.297891
-10884.232776
-10864.455059
-10859.883450
-10989.054042
-10923.703511
-10885.538283
-10906.428409
-10909.401509
-10913.587154
-10869.770361
-10823.346138
-10852.557675
-10925.313522
-10836.628707
-10845.359339
-10905.496735
-10813.291022
-10933.880668
-10889.457165
-10915.976663
-10917.290233
-10775.900974
-10848.517374
-10973.199137
-10925.871422
-10890.737128
-10855.485778
-10936.303121
-10822.492284
-10914.607431
-10828.928156
-10940.245657
-10913.542791
-10929.126931
-10875.053741
-10780.964174
-10908.185730
-10910.638330
-10887.207047
-10981.426128
-11026.565543
-10915.567822
-10956.473916
-10826.967207
-10706.772611
-10880.157897
-11015.022587
-10895.229899
-11048.405714
-10973.280459
-10821.910973
-10868.547971
-11004.453748
-10938.754844
-11018.463940
-10845.342394
-10810.216934
-10840.391662
-10855.275674
-10919.743768
-10934.789134
-10696.407313
-10953.222399
-10869.706053
-10834.557213
-10772.717385
-10910.713810
-10943.195197
-10893.320199
-10860.043704
-10987.417103
-10895.580607
-10933.981973
-10804.892988
-10871.483490
-10824.905994
-10680.050456
-10955.238186
-11000.465616
-10897.440121
-10825.787205
-10933.978588
-10951.429785
-10938.050031
-10947.392973
-10829.967567
-10926.757760
-10738.776253
-10898.416196
-10852.226932
-10911.131025
-10908.825053
-10983.316938
-10860.985976
-10895.197841
-10858.638995
-10746.206117
-10885.190279
-10822.854366
-10717.786122
-10892.273317
-11019.645891
-10815.472169
-10744.344647
-10823.556132
-10858.729116
-10908.494121
-10866.717204
-10901.291187
-10774.999031
-10853.538303
-10880.836840
-10858.330380
-10872.954947
-10906.270312
-10915.705986
-10958.432800
-10887.085873
-10853.716104
-10865.662609
-10897.387373
-10986.412951
-10866.566726
-10812.570955
-10912.017515
-10906.599586
-10846.978175
-10760.097213
-10776.396344
-10818.534013
-10849.213491
-10880.224367
-10828.159030
-10703.834917
-10769.304353
-10887.521065
-10991.737057
-10958.748134
-10911.755211
-10745.941458
-10956.898707
-10720.367547
-10953.477733
-10847.304582
-10801.659903
-10877.312816
-10891.137846
-10889.096901
-10773.417349
-10859.936300
-10697.423719
-10992.863122
-10931.084077
-10927.183878
-10870.983453
-10976.062569
-10748.205471
-10690.974017
-10785.261153
-10824.458259
-10984.281097
-10833.639890
-10819.071990
-10864.915681
-10812.911587
-10750.818323
-10754.999743
-10769.049615
-10796.363990
-10855.118332
-10774.790234
-10702.937181
-10700.985864
-10721.935544
-10758.207476
-10762.076577
-10694.390078
-10779.265129
-10823.618591
-10813.322838
-10621.511777
-10654.809682
-10768.431019
-10905.556659
-10747.950171
-10718.778200
-10782.395967
-10739.776858
-10694.383276
-10604.510718
-10636.872321
-10725.998282
-10753.783804
-10776.917734
-10756.008916
-10753.817488
-10801.829363
-10698.536845
-10749.600404
-10691.649765
-10710.364704
-10631.891822
-10703.595442
-10755.135578
-10750.681972
-10784.652327
-10801.576571
-10809.653627
-10737.418856
-10871.613927
-10752.049005
-10877.278737
-10875.545475
-10802.575636
-10768.273368
-10805.891474
-10790.147676
-10703.886389
-10678.284888
-10713.729286
-10670.625495
-10797.492793
-10777.782008
-10702.767995
-10710.978768
-10714.752985
-10726.568636
-10746.061008
-10730.279362
-10705.718730
-10604.893091
-10578.072466
-10561.904096
-10736.590332
-10683.381355
-10603.210355
-10739.586337
-10632.723194
-10705.714416
-10687.623285
-10634.627552
-10701.034601
-10494.511290
-10709.734840
-10652.297404
-10698.763269
-10667.394885
-10670.446201
-10625.561599
-10609.628485
-10752.856097
-10693.628511
-10593.640808
-10556.138400
-10603.049932
-10507.872401
-10551.554812
-10592.063828
-10537.626492
-10537.124988
-10514.660540
-10428.949544
-10532.825558
-10588.280404
-10642.392117
-10489.194799
-10608.309941
-10474.516967
-10526.734395
-10577.713239
-10587.644874
-10596.080334
-10515.728285
-10641.485281
-10507.621747
-10533.332356
-10525.039624
-10390.829788
-10569.290003
-10467.386738
-10527.495938
-10489.038842
-10527.152218
-10603.902672
-10519.974453
-10520.837217
-10515.385060
-10493.944150
-10393.623578
-10474.590134
-10474.694437
-10396.889323
-10394.208401
-10286.364250
-10385.631637
-10339.495718
-10344.218351
-10363.525990
-10479.036624
-10529.261272
-10498.564954
-10405.622597
-10450.964793
-10446.098515
-10377.969129
-10414.665711
-10245.056239
-10345.151415
-10210.600308
-10287.686313
-10329.073894
-10328.328870
-10309.519967
-10180.049937
-10191.704403
-10065.596962
-10065.264231
-9942.472752
-10014.335414
-9957.286423
-9786.314807
-9795.900137
-9703.055249
-9527.472578
-9543.238046
-9461.137914
-9289.121937
-9336.170601
-9292.998972
-9236.221581
-9133.937710
-8925.837376
-8908.837259
-8759.958942
-8666.322726
-8659.144232
-8531.567399
-8451.952246
-8446.961129
-8365.720951
-8435.600908
-8456.462276
-8428.584102
-8449.076948
-8428.486018
-8431.075517
-8375.100264
-8385.314355
-8443.750747
-8399.809438
-8505.194757
-8419.895080
-8409.666704
-8425.027949
-8401.560849
-8372.104471
-8415.516837
-8420.161758
-8392.950229
-8360.342275
-8344.147294
-8318.768162
-8368.160498
-8346.377889
-8330.360722
-8315.504053
-8298.217417
-8323.515013
-8308.415878
-8331.885877
-8295.791173
-8285.102321
-8281.654748
-8315.687834
-8295.555284
-8304.288173
-8310.743371
-8311.022812
-8236.743002
-8244.261053
-8224.828096
-8222.503366
-8283.694556
-8296.807597
-8282.179789
-8258.014167
-8190.898073
-8172.347902
-8181.082881
-8152.575779
-8168.879479
-8172.139597
-8144.315557
-8130.236374
-8122.335958
-8102.142518
-8123.767180
-8119.039570
-8114.287257
-8147.764075
-8102.170018
-8071.602923
-8058.820428
-8053.256966
-8074.603669
-7983.503396
-7995.699436
-8005.568546
-7993.617500
-7986.871875
-8006.268764
-7987.866886
-7920.562601
-7930.589167
-7921.314832
-7955.278373
-7875.753652
-7823.902743
-7773.212304
-7810.947518
-7806.838915
-7759.178749
-7715.234453
-7700.611824
-7725.230679
-7723.811558
-7647.510990
-7583.969734
-7598.461231
-7556.047740
-7516.933292
-7530.742154
-7545.982153
-7461.433911
-7477.702317
-7421.709981
-7393.745199
-7406.023352
-7432.772539
-7406.836894
-7387.021022
-7398.020288
-7353.511103
-7334.170853
-7291.452904
-7269.058825
-7240.998518
-7271.661578
-7263.409434
-7278.796643
-7220.337669
-7234.152352
-7203.194005
-7185.106525
-7086.211486
-7063.877344
-7055.077387
-7066.731440
-7035.278027
-7079.274132
-7086.266572
-7027.976983
-6986.963430
-6994.982729
-6909.951927
-6931.858221
-6970.806980
-6951.356756
-6956.742879
-6935.992661
-6901.074383
-6849.765680
-6768.484552
-6834.889470
-6751.293076
-6710.864625
-6710.319148
-6687.244371
-6735.007379
-6710.136634
-6701.468671
-6703.210639
-6667.036926
-6690.622876
-6717.227845
-6707.071126
-6684.394284
-6708.362536
-6672.828331
-6632.370693
-6652.363605
-6658.499055
-6664.969587
-6644.317667
-6619.646472
-6621.197738
-6618.836224
-6612.206325
-6645.476725
-6713.139224
-6673.167753
-6634.809894
-6638.435036
-6633.746119
-6616.627137
-6570.201451
-6576.322956
-6579.475844
-6550.790241
-6556.024661
-6572.187728
-6578.940613
-6563.493137
-6593.511019
-6596.406905
-6606.478955
-6656.009913
-6688.017578
-6743.275655
-6724.626194
-6680.034875
-6686.309556
-6697.954473
-6712.323365
-6640.099145
-6629.790993
-6662.954401
-6675.273113
-6710.598378
-6727.921157
-6712.085156
-6760.569696
-6753.958123
-6666.145377
-6623.008254
-6636.455679
-6615.136218
-6647.951926
-6570.190832
-6556.907497
-6513.405545
-6506.135905
-6443.649436
-6347.501829
-6356.973117
-6300.170420
-6311.161511
-6323.190580
-6391.498747
-6403.068231
-6397.321889
-6406.850863
-6361.376125
-6379.359431
-6446.163579
-6389.562761
-6395.555451
-6455.925660
-6422.585719
-6435.348673
-6405.052122
-6386.289439
-6361.577397
-6335.813049
-6380.784915
-6436.033001
-6473.416786
-6493.564057
-6453.851034
-6438.349080
-6410.965589
-6452.293399
-6463.509711
-6432.296065
-6471.765890
-6409.726223
-6446.103398
-6440.051224
-6403.127399
-6394.324690
-6413.425391
-6450.491801
-6381.864047
-6397.215603
-6371.810454
-6385.645863
-6377.785614
-6405.518537
-6449.788786
-6398.943962
-6412.262302
-6424.641420
-6410.908417
-6403.725747
-6389.230309
-6422.087360
-6411.912509
-6407.385750
-6402.452066
-6418.929831
-6399.076950
-6397.503245
-6396.972281
-6401.963992
-6367.411801
-6401.668189
-6440.984953
-6429.463806
-6418.652553
-6418.507888
-6419.255218
-6414.308699
-6457.056254
-6457.594422
-6386.765051
-6359.243409
-6364.243797
-6342.118865
-6374.678021
-6375.020306
-6347.015848
-6352.946837
-6363.444629
-6271.843497
-6253.330526
-6214.169031
-6221.808719
-6218.408366
-6156.454674
-6126.192148
-6144.153670
-6195.645832
-6201.122594
-6175.329144
-6172.365222
-6126.852157
-6086.188100
-6079.379136
-6083.622358
-6126.261070
-6056.863305
-6043.741424
-6015.128658
-6001.021498
-5963.711251
-5943.626616
-5967.696414
-5976.302914
-5969.436647
-5962.832064
-6013.941292
-6007.518692
-6000.035067
-6005.610900
-5998.981919
-5993.459156
-5982.836418
-5990.361435
-5994.161875
-5979.807709
-5985.382331
-5986.283198
-5967.183502
-5973.028874
-5980.317657
-5923.244033
-5930.307858
-5926.150376
-5931.012372
-5941.125568
-5952.364510
-5982.939564
-5942.049412
-5944.710173
-5934.984674
-5951.922246
-5956.337190
-5949.035444
-5951.311162
-5948.091388
-5943.913394
-5939.006600
-5938.986552
-5945.082570
-5931.872978
-5935.669193
-5936.351150
-5944.616499
-5944.814271
-5941.731306
-5948.471116
-5949.192378
-5946.242759
-5938.417886
-5923.463432
-5937.931891
-5942.146176
-5946.215532
-5929.199021
-5902.459814
-5898.125540
-5890.217566
-5893.365402
-5893.134551
-5875.194295
-5889.698744
-5882.218483
-5880.111534
-5882.511333
-5868.957956
-5878.879200
-5886.232625
-5919.795534
-5908.522130
-5898.556748
-5888.321112
-5887.982411
-5890.566248
-5914.567626
-5909.057859
-5908.153647
-5916.224431
-5913.035155
-5911.317248
-5913.140677
-5911.552109
-5912.192047
-5910.520104
-5902.485852
-5907.607219
-5914.774331
-5917.727825
-5918.613698
-5919.148649
-5931.130987
-5940.638438
-5949.233596
-5932.285037
-5924.187000
-5925.344660
-5920.218850
-5919.667826
-5909.054136
-5903.015268
-5906.235373
-5904.506290
-5903.775296
-5896.689758
-5938.363751
-5922.613332
-5904.307300
-5904.565331
-5909.341703
-5892.513722
-5896.341986
-5915.269342
-5899.724523
-5899.223667
-5928.218405
-5943.148180
-5918.505025
-5925.684106
-5923.606466
-5919.144718
-5910.965398
-5892.509091
-5902.919591
-5897.778932
-5903.434645
-5876.922073
-5893.550724
-5876.047432
-5881.072168
-5882.905504
-5887.729010
-5877.500217
-5875.269142
-5859.573011
-5878.545538
-5861.194228
-5851.828285
-5854.200627
-5855.096438
-5835.939679
-5836.625853
-5853.980604
-5870.268086
-5868.937734
-5864.826299
-5851.828285
-5858.431475
-5880.506732
-5888.431998
-5883.992234
-5884.486894
-5918.228900
-5900.316906
-5907.482021
-5856.407539
-5860.756191
-5859.461854
-5855.704012
-5866.650241
-5871.093851
-5871.371882
-5866.650241
-5866.142173
-5861.743520
-5871.272394
-5870.970174
-5871.360848
-5867.129872
-5866.142173
-5866.142173
-5858.511024
-5865.605162
-5869.728940
-5864.442159
-5870.478480
-5870.717124
-5866.226656
-5863.743356
-5861.014721
-5862.586612
-5832.186781
-5849.657644
-5848.363301
-5839.449661
-5839.449661
-5832.186781
-5851.119858
-5866.617823
-5842.606157
-5847.332156
-5865.028155
-5866.127711
-5883.568980
-5892.946076
-5862.981415
-5862.060063
-5862.981415
-5866.309817
-5864.715244
-5857.069976
-5859.277015
-5850.758991
-5850.758991
-5854.688090
-5833.762346
-5826.906932
-5849.167554
-5839.611511
-5837.745903
-5852.118645
-5862.283096
-5877.268247
-5868.023596
-5869.992010
-5882.591682
-5876.257403
-5872.200171
-5866.553510
-5869.091866
-5864.097411
-5847.879048
-5862.283096
-5869.366573
-5872.200171
-5865.769047
-5868.710642
-5873.135300
-5864.097411
-5864.097411
-5873.562263
-5873.855959
-5876.013131
-5865.504766
-5868.710642
-5871.153729
-5873.962727
-5874.390171
-5870.587542
-5868.023596
-5877.049546
-5897.723999
-5873.713490
-5850.845537
-5854.784683
-5866.691704
-5860.432070
-5865.081718
-5893.961810
-5856.430600
-5855.343578
-5853.041351
-5854.214297
-5846.463547
-5844.991518
-5836.701759
-5834.831759
-5840.217116
-5856.430600
-5849.244658
-5847.880471
-5864.501004
-5870.812819
-5862.132455
-5862.132455
-5854.214297
-5872.193209
-5869.684025
-5912.185519
-5904.548878
-5890.002617
-5844.641898
-5850.177262
-5865.404910
-5863.097837
